##FastQC	0.11.9
>>Basic Statistics	pass
#Measure	Value
Filename	dad.chr22.2.fq
File type	Conventional base calls
Encoding	Illumina 1.5
Total Sequences	444112
Sequences flagged as poor quality	0
Sequence length	90
%GC	45
>>END_MODULE
>>Per base sequence quality	pass
#Base	Mean	Median	Lower Quartile	Upper Quartile	10th Percentile	90th Percentile
1	32.760920668660155	34.0	31.0	34.0	31.0	34.0
2	32.97428801743704	34.0	33.0	34.0	31.0	34.0
3	32.99548987642757	34.0	33.0	34.0	31.0	34.0
4	36.339047357423354	37.0	37.0	37.0	35.0	37.0
5	36.31910869330259	37.0	37.0	37.0	35.0	37.0
6	36.31780496811615	37.0	37.0	37.0	35.0	37.0
7	36.325431422704185	37.0	37.0	37.0	35.0	37.0
8	36.322990596966534	37.0	37.0	37.0	35.0	37.0
9	38.071020373239186	39.0	39.0	39.0	37.0	39.0
10-11	38.06693018878121	39.0	39.0	39.0	37.0	39.0
12-13	38.03533680693158	39.0	39.0	39.0	36.0	39.0
14-15	39.54824233526678	41.0	40.0	41.0	37.0	41.0
16-17	39.50490416831791	41.0	40.0	41.0	37.0	41.0
18-19	39.48399165075476	41.0	39.5	41.0	37.0	41.0
20-21	39.435717791908345	41.0	39.0	41.0	37.0	41.0
22-23	39.35688632597183	41.0	39.0	41.0	36.0	41.0
24-25	39.28816829988831	41.0	39.0	41.0	36.0	41.0
26-27	39.20169349173182	41.0	39.0	41.0	36.0	41.0
28-29	39.102216332816944	40.0	39.0	41.0	36.0	41.0
30-31	38.98199778434269	40.0	39.0	41.0	35.5	41.0
32-33	38.85841184205786	40.0	38.0	41.0	35.0	41.0
34-35	38.72934530028461	40.0	38.0	41.0	35.0	41.0
36-37	38.58267959433657	40.0	38.0	41.0	34.5	41.0
38-39	38.665853433368156	40.0	38.0	41.0	35.0	41.0
40-41	38.65638847858198	40.0	38.0	41.0	35.0	41.0
42-43	38.52864705299564	40.0	38.0	41.0	34.0	41.0
44-45	38.42200953813453	40.0	38.0	41.0	34.0	41.0
46-47	38.25024993695284	40.0	38.0	41.0	33.0	41.0
48-49	38.051956488453364	40.0	38.0	41.0	33.0	41.0
50-51	37.41025349461397	39.0	37.0	40.5	32.5	40.5
52-53	37.71119334762402	39.5	37.0	40.5	33.0	41.0
54-55	38.10139334221998	40.0	37.0	41.0	34.0	41.0
56-57	37.94704263789315	40.0	37.0	41.0	33.5	41.0
58-59	37.70178918831286	40.0	36.5	41.0	33.0	41.0
60-61	37.41189272075513	39.0	36.0	41.0	33.0	41.0
62-63	37.11337230248226	39.0	35.5	41.0	32.5	41.0
64-65	36.737088842454156	39.0	35.0	41.0	32.0	41.0
66-67	36.34923285117267	38.0	35.0	40.0	31.0	41.0
68-69	35.96644540116007	37.0	35.0	40.0	31.0	41.0
70-71	35.556480122131354	37.0	35.0	39.5	31.0	41.0
72-73	35.13245307490003	36.0	35.0	39.0	30.0	41.0
74-75	34.69017725258493	36.0	34.0	39.0	30.0	40.5
76-77	34.237637127571425	35.0	34.0	37.5	29.0	40.0
78-79	33.85066154483554	35.0	34.0	37.0	29.0	39.0
80-81	33.40844651799546	35.0	34.0	37.0	29.0	39.0
82-83	33.00689803472998	35.0	34.0	36.0	27.5	38.5
84-85	32.60645287675181	35.0	33.0	36.0	27.0	37.0
86-87	32.18631786576359	35.0	33.0	35.5	26.0	37.0
88-89	31.744930332889	35.0	33.0	35.0	25.0	36.5
90	31.4068973592247	35.0	33.0	35.0	25.0	36.0
>>END_MODULE
>>Per tile sequence quality	fail
#Tile	Base	Mean
0	1	15.747817880544886
0	2	15.544609802063427
0	3	15.51821438894828
0	4	12.284455271108854
0	5	12.295988742228701
0	6	12.289417034164096
0	7	12.28829101684606
0	8	12.289854435680894
0	9	10.587581284349262
0	10-11	10.592084104254617
0	12-13	10.61879781883745
0	14-15	9.152480771360509
0	16-17	9.186942002813687
0	18-19	9.209325605928647
0	20-21	9.23729937443985
0	22-23	9.318150802066498
0	24-25	9.39024230522638
0	26-27	9.47504081503282
0	28-29	9.565783279464554
0	30-31	9.68466072324621
0	32-33	9.818138939725642
0	34-35	9.94083177327689
0	36-37	10.091223480575998
0	38-39	10.00950805586524
0	40-41	9.994844889660591
0	42-43	10.099733657773676
0	44-45	10.217323763543362
0	46-47	10.393951174718708
0	48-49	10.577601283087155
0	50-51	11.195395967141842
0	52-53	10.884606171942416
0	54-55	10.498005299138086
0	56-57	10.644946493478493
0	58-59	10.897183344423496
0	60-61	11.178797733310311
0	62-63	11.468199934141381
0	64-65	11.816402351223651
0	66-67	12.17531631292212
0	68-69	12.566218721031404
0	70-71	12.960652736549683
0	72-73	13.391592870136975
0	74-75	13.80809911078083
0	76-77	14.24747580265533
0	78-79	14.624912063161077
0	80-81	15.052172712535317
0	82-83	15.458288371029234
0	84-85	15.834874757198342
0	86-87	16.25294224355629
0	88-89	16.670016528762105
0	90	17.006683642332323
1101	1	-0.22456307183606583
1101	2	-0.12967591222228947
1101	3	-0.22369037295648297
1101	4	-0.23649710984352623
1101	5	-0.17639221015225104
1101	6	-0.07058296583590362
1101	7	-0.16218517363012808
1101	8	-0.12443127860481695
1101	9	-0.03622823946026443
1101	10-11	0.01732219949271041
1101	12-13	-0.05167837163874367
1101	14-15	0.12152839040812324
1101	16-17	0.24122771709939883
1101	18-19	0.1255160821191268
1101	20-21	0.15729937443985165
1101	22-23	0.1262460401617318
1101	24-25	0.09357563855971307
1101	26-27	0.1059931959851994
1101	28-29	0.023402327083601904
1101	30-31	0.24418453277002072
1101	32-33	0.1809960825827801
1101	34-35	0.21606986851498533
1101	36-37	0.17931871867123306
1101	38-39	0.1990318653890455
1101	40-41	0.1757972706129749
1101	42-43	0.17735270539272818
1101	44-45	0.07160947782907812
1101	46-47	0.09823688900442562
1101	48-49	0.2099822354681109
1101	50-51	0.002062633808513681
1101	52-53	0.0622252195614621
1101	54-55	0.18086244199523094
1101	56-57	0.27780363633564065
1101	58-59	0.0895642968044541
1101	60-61	0.028797733310305773
1101	62-63	0.12391421985566353
1101	64-65	0.1944975893188925
1101	66-67	0.12007821768402493
1101	68-69	0.15479014960283166
1101	70-71	0.023033688930631513
1101	72-73	-0.06364522510111925
1101	74-75	-0.012853270171547138
1101	76-77	-0.03204800686847875
1101	78-79	0.08681682506583854
1101	80-81	0.07360128396388887
1101	82-83	0.10352646626733275
1101	84-85	0.18344618576977467
1101	86-87	0.2781803387943853
1101	88-89	0.14573081447639424
1101	90	-0.01331635766767647
1102	1	-0.36812414844062147
1102	2	-0.2298467196757059
1102	3	-0.3223653211966493
1102	4	-0.2635519752679585
1102	5	-0.25835908385825235
1102	6	-0.3419235455460523
1102	7	-0.301382896197417
1102	8	-0.31612382518866866
1102	9	-0.10444770115798718
1102	10-11	-0.14432893922364798
1102	12-13	-0.18147392029298715
1102	14-15	-0.13193951849456198
1102	16-17	-0.040413069650078626
1102	18-19	-0.02980482885396185
1102	20-21	0.0067740121210064785
1102	22-23	-0.10621513996248666
1102	24-25	-0.03638812955622939
1102	26-27	-0.09832875018457088
1102	28-29	-0.1384739669122581
1102	30-31	-0.03861826226103915
1102	32-33	-0.020176277665662212
1102	34-35	-0.17058127020137448
1102	36-37	-0.15605912811965794
1102	38-39	-0.15489411804780673
1102	40-41	-0.07037250164375308
1102	42-43	-0.11992213932777673
1102	44-45	-0.00459652631170826
1102	46-47	-0.15179157890447925
1102	48-49	-0.10219944155052474
1102	50-51	-0.15922359807554898
1102	52-53	-0.20280324834744334
1102	54-55	-0.18813600520974205
1102	56-57	-0.12905712970991345
1102	58-59	-0.33787100340259
1102	60-61	-0.36649212176214974
1102	62-63	-0.2500971673078993
1102	64-65	-0.22617011254445885
1102	66-67	-0.20511846968657466
1102	68-69	-0.14800229346134586
1102	70-71	-0.1407965388126371
1102	72-73	-0.12199408638475973
1102	74-75	-0.15702770081337292
1102	76-77	-0.2969082553156852
1102	78-79	-0.4027147484331266
1102	80-81	-0.18922221500091752
1102	82-83	-0.49143988984032916
1102	84-85	-0.40742596743933746
1102	86-87	-0.3797570318060295
1102	88-89	-0.33134216689006735
1102	90	-0.294040995348837
1103	1	-0.1703718496552895
1103	2	-0.18123876190524157
1103	3	-0.19109805665659252
1103	4	-0.19422183942204185
1103	5	-0.18442901234048747
1103	6	-0.24234971953477213
1103	7	-0.19647834781886786
1103	8	-0.1896929968691481
1103	9	-0.03905056943663965
1103	10-11	-0.08067481654607889
1103	12-13	-0.0822465675855284
1103	14-15	0.06718921348409168
1103	16-17	0.11339979219575724
1103	18-19	0.10445180262141918
1103	20-21	0.0227649967200918
1103	22-23	0.010056807288428615
1103	24-25	0.00555997276336484
1103	26-27	0.03596335637311654
1103	28-29	0.06795908451242383
1103	30-31	0.14332042733672523
1103	32-33	0.18280386574826935
1103	34-35	0.17886484551362258
1103	36-37	0.11472217509297167
1103	38-39	0.08174478345444669
1103	40-41	-0.05476346543078847
1103	42-43	0.024015642107876545
1103	44-45	0.14856832403074804
1103	46-47	0.11022619647675924
1103	48-49	0.25514697499315986
1103	50-51	0.1871279079599404
1103	52-53	0.11567666802596221
1103	54-55	0.11288780566550116
1103	56-57	0.018314639692597723
1103	58-59	-0.014478970633078347
1103	60-61	0.03606492217019053
1103	62-63	-0.04833618422241415
1103	64-65	-0.014320016052238316
1103	66-67	0.0834973399021024
1103	68-69	0.15412124496526047
1103	70-71	0.14951261470459798
1103	72-73	0.08959112949293768
1103	74-75	0.03307735273035206
1103	76-77	0.07689268690250373
1103	78-79	0.016556971777262675
1103	80-81	0.04346949234384567
1103	82-83	-0.06956193358347207
1103	84-85	-0.06938982069548416
1103	86-87	-0.09562172511211742
1103	88-89	-0.15069713529359774
1103	90	-0.07164533939091555
1104	1	-0.17813885822383213
1104	2	-0.2815133260563769
1104	3	-0.30374900539447935
1104	4	-0.23967118479797023
1104	5	-0.1699014407995847
1104	6	-0.3203999375497162
1104	7	-0.29656755220552355
1104	8	-0.2650540501760119
1104	9	-0.14952354094192088
1104	10-11	-0.120894265129742
1104	12-13	-0.1099875388996594
1104	14-15	-0.01224468621020236
1104	16-17	0.007657477023336412
1104	18-19	-0.0718723973991402
1104	20-21	-0.04389862888793772
1104	22-23	0.007834662299444517
1104	24-25	0.045816348487605296
1104	26-27	0.02786943400121089
1104	28-29	-0.08022337610948682
1104	30-31	0.014943585143051052
1104	32-33	0.09268136901016533
1104	34-35	0.07935090805226963
1104	36-37	-0.008610130072916888
1104	38-39	-0.017114240307805062
1104	40-41	-0.023041965580667068
1104	42-43	-0.0375375568685854
1104	44-45	-0.12294245941836834
1104	46-47	0.050773138113051175
1104	48-49	6.462082119469414E-4
1104	50-51	0.1617021235478333
1104	52-53	0.0010787176994853098
1104	54-55	0.1718821710182823
1104	56-57	0.24478010412740758
1104	58-59	0.1401117970025325
1104	60-61	0.07979606941679407
1104	62-63	-0.01724099763898579
1104	64-65	0.1300462780123368
1104	66-67	0.11250433288884665
1104	68-69	-0.040270463660775135
1104	70-71	0.05632661342156098
1104	72-73	-0.01814090690129433
1104	74-75	-0.25429689587474513
1104	76-77	-0.15643434709508597
1104	78-79	-0.10803302835306283
1104	80-81	-0.03226988313856083
1104	82-83	0.001133628932727504
1104	84-85	0.027054457697509804
1104	86-87	0.0915445730072122
1104	88-89	0.19039922426959777
1104	90	0.08405469058523707
1105	1	-0.4827067617444598
1105	2	-0.5022900389540581
1105	3	-0.5255058018307324
1105	4	-0.45878797213438816
1105	5	-0.37014798273155236
1105	6	-0.2606624570918683
1105	7	-0.3381000801332732
1105	8	-0.35481965016965944
1105	9	-0.3989052021372217
1105	10-11	-0.3073594569536553
1105	12-13	-0.2758762670131034
1105	14-15	-0.2549119154439481
1105	16-17	-0.2764920194438645
1105	18-19	-0.33042002205227305
1105	20-21	-0.17963226308002334
1105	22-23	-0.16157892766322846
1105	24-25	-0.1435414785574025
1105	26-27	-0.05397349339325075
1105	28-29	-0.054248517037834176
1105	30-31	-0.04586391904313558
1105	32-33	0.022034011267777487
1105	34-35	-0.19668809953709854
1105	36-37	-0.16911038269903855
1105	38-39	-0.23135044969914986
1105	40-41	-0.2662838861740724
1105	42-43	-0.20630767767942615
1105	44-45	-0.29618974997015357
1105	46-47	-0.11519031971690197
1105	48-49	-0.2876610380575144
1105	50-51	-0.12495379438438903
1105	52-53	-0.20323166589542296
1105	54-55	-0.26431584553600374
1105	56-57	-0.2389962728172108
1105	58-59	-0.25504241074343525
1105	60-61	-0.2898032205847585
1105	62-63	-0.2965059482115606
1105	64-65	-0.21141958836299324
1105	66-67	-0.32428623079806584
1105	68-69	-0.42463978453298523
1105	70-71	-0.3223361346744795
1105	72-73	-0.391793457367001
1105	74-75	-0.3071632103638393
1105	76-77	-0.226292082877265
1105	78-79	-0.2721467603683365
1105	80-81	-0.40808165948376285
1105	82-83	-0.3525224397815734
1105	84-85	-0.37378978970149745
1105	86-87	-0.2665331141543632
1105	88-89	-0.3323682089167477
1105	90	-0.15865817006831406
1106	1	-0.3002514653967978
1106	2	-0.40968491818873787
1106	3	-0.3856469191683445
1106	4	-0.33414204961612626
1106	5	-0.2572027471330003
1106	6	-0.29608335984693923
1106	7	-0.3208500391035045
1106	8	-0.24127243587150815
1106	9	-0.20989704504395945
1106	10-11	-0.22903488707714104
1106	12-13	-0.22202172410975152
1106	14-15	-0.20606926804059356
1106	16-17	-0.1203866023872564
1106	18-19	-0.11849157295235813
1106	20-21	-0.11140038915353045
1106	22-23	-0.17318095522270482
1106	24-25	-0.1861958350415449
1106	26-27	-0.3129812495849862
1106	28-29	-0.26163988838414554
1106	30-31	-0.20619822080422523
1106	32-33	-0.24529683647609346
1106	34-35	-0.23174505887440944
1106	36-37	-0.34061261083456174
1106	38-39	-0.3139750016603742
1106	40-41	-0.15724336881064715
1106	42-43	-0.14297713812860735
1106	44-45	-0.17550523566861642
1106	46-47	-0.21755394742471168
1106	48-49	-0.12373835442269154
1106	50-51	0.04724781899368935
1106	52-53	-0.041713765015821025
1106	54-55	-0.05045805783591106
1106	56-57	-0.08949007074530613
1106	58-59	-0.1300034168058204
1106	60-61	-0.11316444163058037
1106	62-63	-0.09444781999573593
1106	64-65	-0.031509390305110685
1106	66-67	-0.17535350583280263
1106	68-69	-0.06813904098592616
1106	70-71	-0.22886656999089894
1106	72-73	-0.21794219684490201
1106	74-75	-0.31010419891184426
1106	76-77	-0.4302231729159871
1106	78-79	-0.260824737469342
1106	80-81	-0.1881740171731181
1106	82-83	-0.1031773500109594
1106	84-85	-0.12690617266769522
1106	86-87	-0.0866952662939866
1106	88-89	-0.06244998030015125
1106	90	-0.24311935215152403
1107	1	-0.3065380390381378
1107	2	-0.3243403096268196
1107	3	-0.3149948441120358
1107	4	-0.2613377296357484
1107	5	-0.2743761125739823
1107	6	-0.27052339770485645
1107	7	-0.2530343740697987
1107	8	-0.22540989790064003
1107	9	-0.24562794871105353
1107	10-11	-0.2932472434743474
1107	12-13	-0.2858931714827264
1107	14-15	-0.10068378560151814
1107	16-17	-0.27545561446107314
1107	18-19	-0.11643761075043102
1107	20-21	-0.22025833218710744
1107	22-23	-0.24662954045025742
1107	24-25	-0.1793779479381783
1107	26-27	-0.10909917007514736
1107	28-29	-0.11813332515197317
1107	30-31	-0.0770667525542379
1107	32-33	-0.0846905464992318
1107	34-35	-0.25685996164492764
1107	36-37	-0.13588001905170444
1107	38-39	-0.06755821368055592
1107	40-41	-0.10120872165735051
1107	42-43	-0.08306604438566723
1107	44-45	-0.11253476214539404
1107	46-47	-0.1786474849983435
1107	48-49	-0.14391770425461914
1107	50-51	-0.10802920039352415
1107	52-53	-0.17682346320277986
1107	54-55	-0.12597087360948933
1107	56-57	-0.1514049584947017
1107	58-59	-0.181372128398543
1107	60-61	-0.17414344316027552
1107	62-63	-0.05041510681171246
1107	64-65	-0.11286049315460644
1107	66-67	-0.013440202342209773
1107	68-69	-0.21375149490307166
1107	70-71	-0.24113430738181307
1107	72-73	-0.2137682616575134
1107	74-75	-0.24774601207843716
1107	76-77	-0.20896500151443576
1107	78-79	-0.13942151837279937
1107	80-81	-0.18125990101643197
1107	82-83	-0.15489107796555146
1107	84-85	-0.18225108047850114
1107	86-87	-0.073937875579972
1107	88-89	0.06391079532949107
1107	90	0.07295318812532159
1108	1	-0.4160568463305694
1108	2	-0.4488352088615528
1108	3	-0.4140507239431983
1108	4	-0.318603723792819
1108	5	-0.264098657625631
1108	6	-0.3573418879043686
1108	7	-0.2907330181138832
1108	8	-0.39987608143491116
1108	9	-0.2754922771948003
1108	10-11	-0.3030360705450903
1108	12-13	-0.21550662398847464
1108	14-15	-0.21896860955718722
1108	16-17	-0.25916142034727585
1108	18-19	-0.14537213624178236
1108	20-21	-0.12504585498476928
1108	22-23	-0.10282516297355926
1108	24-25	-0.21755084845169392
1108	26-27	-0.16006479312449784
1108	28-29	-0.14069887639851686
1108	30-31	-0.19662114128401242
1108	32-33	-0.1942427063049479
1108	34-35	-0.226684614195797
1108	36-37	-0.05043711665634021
1108	38-39	-0.13288087348654187
1108	40-41	-0.14098905061617728
1108	42-43	-0.032458621905853136
1108	44-45	-0.041962470979584054
1108	46-47	0.018495967144055214
1108	48-49	-0.007249408828357673
1108	50-51	-0.045681964394937324
1108	52-53	-0.08553221116027743
1108	54-55	-0.1855343949624242
1108	56-57	-0.1915429457057769
1108	58-59	-0.23245977283797004
1108	60-61	-0.15150088285866303
1108	62-63	-0.18620647518127242
1108	64-65	-0.41411476458115715
1108	66-67	-0.36000779487103785
1108	68-69	-0.27209154845148475
1108	70-71	-0.19266117459380183
1108	72-73	-0.2078244641674729
1108	74-75	-0.22285500429564564
1108	76-77	-0.2940391281531163
1108	78-79	-0.2654739528622301
1108	80-81	-0.23224098010852856
1108	82-83	-0.2339913085046348
1108	84-85	-0.3035083454964891
1108	86-87	-0.324625127164758
1108	88-89	-0.2986651901016941
1108	90	-0.22274097529331272
1109	1	-0.5076207159463451
1109	2	-0.43574107512955607
1109	3	-0.4116101724552266
1109	4	-0.31624648327711213
1109	5	-0.3250638893502469
1109	6	-0.2930391061867823
1109	7	-0.3846914392942935
1109	8	-0.38874205554717634
1109	9	-0.3296116981068806
1109	10-11	-0.2166878255699416
1109	12-13	-0.32085130396956885
1109	14-15	-0.17208063214825842
1109	16-17	-0.24323343578280543
1109	18-19	-0.2720779028432858
1109	20-21	-0.12550764310400808
1109	22-23	-0.1885158646001699
1109	24-25	-0.2258980456508155
1109	26-27	-0.17443286917770706
1109	28-29	-0.15386584334246578
1109	30-31	-0.2963919083327369
1109	32-33	-0.160808428695411
1109	34-35	-0.22408050742486552
1109	36-37	-0.17895195802049102
1109	38-39	-0.19435159325756501
1109	40-41	-0.3202428296376567
1109	42-43	-0.16447686854211696
1109	44-45	-0.1696937803162868
1109	46-47	-0.13341724633392005
1109	48-49	-0.25538117305320185
1109	50-51	-0.2733759626827208
1109	52-53	-0.4525868105137292
1109	54-55	-0.37848592893209343
1109	56-57	-0.40101841880220945
1109	58-59	-0.47614998890983884
1109	60-61	-0.40927244212828384
1109	62-63	-0.46372989042002644
1109	64-65	-0.4369309821096792
1109	66-67	-0.3794205291831432
1109	68-69	-0.38325496317912666
1109	70-71	-0.46987357923978834
1109	72-73	-0.5743720421437288
1109	74-75	-0.5357605383419752
1109	76-77	-0.524103144713095
1109	78-79	-0.4877195157862957
1109	80-81	-0.46993255062258044
1109	82-83	-0.5199572430058552
1109	84-85	-0.6191603305209554
1109	86-87	-0.6484612652156372
1109	88-89	-0.4829659273782454
1109	90	-0.5498075857378524
1110	1	-0.5204748023819405
1110	2	-0.47029534698806685
1110	3	-0.5542788359839719
1110	4	-0.36866126005645583
1110	5	-0.38626058026452625
1110	6	-0.3887672476787216
1110	7	-0.3587279533436387
1110	8	-0.30228648572831673
1110	9	-0.25591465061008734
1110	10-11	-0.3289863564499953
1110	12-13	-0.29075502669100217
1110	14-15	-0.4399989034362406
1110	16-17	-0.5217300839071797
1110	18-19	-0.5149291366187825
1110	20-21	-0.478486533419229
1110	22-23	-0.32751315457306873
1110	24-25	-0.3289311365080394
1110	26-27	-0.3169646050213757
1110	28-29	-0.34173704573869657
1110	30-31	-0.43153168867790725
1110	32-33	-0.3275250169139241
1110	34-35	-0.4870137551783955
1110	36-37	-0.3522047037058442
1110	38-39	-0.31569519616728314
1110	40-41	-0.2653177119654231
1110	42-43	-0.48055089507185045
1110	44-45	-0.466280572499997
1110	46-47	-0.4437859526525614
1110	48-49	-0.4057998009236883
1110	50-51	-0.44586419545978373
1110	52-53	-0.390461578735092
1110	54-55	-0.30992153013021095
1110	56-57	-0.5251077070635191
1110	58-59	-0.3473966013759622
1110	60-61	-0.4224895295623199
1110	62-63	-0.1920304181621475
1110	64-65	-0.4064973777736398
1110	66-67	-0.25964303667137756
1110	68-69	-0.3473991651474577
1110	70-71	-0.22024157239340525
1110	72-73	-0.13516864747819568
1110	74-75	-0.22137243393461858
1110	76-77	-0.012009292195614307
1110	78-79	-0.12373292328878449
1110	80-81	-0.22052376442945132
1110	82-83	-0.1626465883203636
1110	84-85	-0.12549109646019474
1110	86-87	-0.12951033096945253
1110	88-89	-0.0864197856010378
1110	90	0.04394651496104629
1111	1	-0.41664711285009304
1111	2	-0.4970018227714448
1111	3	-0.5273602477756327
1111	4	-0.3978432757867836
1111	5	-0.40678536609362226
1111	6	-0.35193038987817715
1111	7	-0.41052007958722925
1111	8	-0.3977281270667916
1111	9	-0.3060778966282811
1111	10-11	-0.33790268570574966
1111	12-13	-0.3564333568560727
1111	14-15	-0.30326559587859236
1111	16-17	-0.34872510418763625
1111	18-19	-0.34681706249936184
1111	20-21	-0.2788829241070445
1111	22-23	-0.29314378181724976
1111	24-25	-0.34687790613425307
1111	26-27	-0.3710622232762901
1111	28-29	-0.3717992832831385
1111	30-31	-0.3714819451817917
1111	32-33	-0.38694692553195154
1111	34-35	-0.4082435239490039
1111	36-37	-0.22251496063932308
1111	38-39	-0.18368877372525105
1111	40-41	-0.2766214247383516
1111	42-43	-0.33223463813121157
1111	44-45	-0.312398825624399
1111	46-47	-0.31740945936319065
1111	48-49	-0.1469693906248679
1111	50-51	-0.19628170789118116
1111	52-53	-0.2547597461553366
1111	54-55	-0.3520607510600655
1111	56-57	-0.3454762277896677
1111	58-59	-0.35611916548403144
1111	60-61	-0.39088522573856466
1111	62-63	-0.3557762877872861
1111	64-65	-0.30149725247515846
1111	66-67	-0.5092939909087875
1111	68-69	-0.3819318734203776
1111	70-71	-0.5218439609404086
1111	72-73	-0.6721455710783459
1111	74-75	-0.6037238746881286
1111	76-77	-0.6442018723776926
1111	78-79	-0.46524645731448544
1111	80-81	-0.5809184367381377
1111	82-83	-0.7091488812825233
1111	84-85	-0.5624171846774786
1111	86-87	-0.40623873398664045
1111	88-89	-0.4257562585562553
1111	90	-0.5666320776148375
1112	1	-0.7594468067577012
1112	2	-0.6550111707729585
1112	3	-0.693409110735864
1112	4	-0.5386653858715604
1112	5	-0.5511369684472314
1112	6	-0.617089598811269
1112	7	-0.6308498549164199
1112	8	-0.5597981227524613
1112	9	-0.4951729797063251
1112	10-11	-0.5023568306790551
1112	12-13	-0.46490401312717466
1112	14-15	-0.5452450656578165
1112	16-17	-0.5878526908060238
1112	18-19	-0.5657849436607378
1112	20-21	-0.5545515415424589
1112	22-23	-0.534344460093962
1112	24-25	-0.5187911755064079
1112	26-27	-0.6260330952640842
1112	28-29	-0.5267625196510437
1112	30-31	-0.5910815382825376
1112	32-33	-0.5732066067051846
1112	34-35	-0.5519035394205147
1112	36-37	-0.6463002086217315
1112	38-39	-0.5561899858277499
1112	40-41	-0.4975745670671401
1112	42-43	-0.5695651419736407
1112	44-45	-0.5691576009544264
1112	46-47	-0.6104708088567818
1112	48-49	-0.5376861458452495
1112	50-51	-0.6109843234456491
1112	52-53	-0.5762276878175285
1112	54-55	-0.584117252978146
1112	56-57	-0.7615601394968721
1112	58-59	-0.6385083801500997
1112	60-61	-0.5726236185532443
1112	62-63	-0.5160072673747251
1112	64-65	-0.5266172318464655
1112	66-67	-0.6402238007860319
1112	68-69	-0.5664407862332865
1112	70-71	-0.569353580569711
1112	72-73	-0.5098600673235438
1112	74-75	-0.5409217357131695
1112	76-77	-0.5892266610212289
1112	78-79	-0.658094885670252
1112	80-81	-0.7652625369908961
1112	82-83	-0.7820780218955932
1112	84-85	-0.8363191783670416
1112	86-87	-0.892351502495508
1112	88-89	-0.9086316076876741
1112	90	-0.926986604035335
1113	1	-0.5796821194551143
1113	2	-0.5960151979365733
1113	3	-0.5742856110517209
1113	4	-0.4374197288911432
1113	5	-0.40213625777129636
1113	6	-0.4780829658359025
1113	7	-0.4779589831539397
1113	8	-0.4857705643191039
1113	9	-0.3667937156507364
1113	10-11	-0.47354089574537994
1113	12-13	-0.4087021811625533
1113	14-15	-0.42345672863948636
1113	16-17	-0.4893079971863088
1113	18-19	-0.4584868940713491
1113	20-21	-0.4861381255601529
1113	22-23	-0.6187241979335028
1113	24-25	-0.4910076947736215
1113	26-27	-0.5377716849671756
1113	28-29	-0.728591720535448
1113	30-31	-0.5900267767537883
1113	32-33	-0.6609235602743553
1113	34-35	-0.7444807267231042
1113	36-37	-0.7831515194240026
1113	38-39	-0.8917419441347647
1113	40-41	-0.8207801103394061
1113	42-43	-0.8083913422263223
1113	44-45	-0.7889262364566321
1113	46-47	-0.9379238252812883
1113	48-49	-0.9383362169128517
1113	50-51	-1.0377290328581594
1113	52-53	-0.92945632805759
1113	54-55	-0.8413697008619181
1113	56-57	-0.9600535065215041
1113	58-59	-0.7193791555765046
1113	60-61	-0.8274522666896829
1113	62-63	-1.03023756585862
1113	64-65	-0.8632851487763489
1113	66-67	-1.0309336870778765
1113	68-69	-1.106281278968595
1113	70-71	-1.1812222634503158
1113	72-73	-1.1168446298630244
1113	74-75	-0.9628383892191721
1113	76-77	-1.0503366973446688
1113	78-79	-1.1207129368389275
1113	80-81	-1.306577287464684
1113	82-83	-1.2482741289707704
1113	84-85	-1.1585627428016565
1113	86-87	-1.3286202564437097
1113	88-89	-1.2765459712378942
1113	90	-1.3470663576676785
1114	1	-0.7149672335007295
1114	2	-0.7975270526784684
1114	3	-0.684666763512702
1114	4	-0.5114630962380815
1114	5	-0.6055718820209961
1114	6	-0.6259491122944851
1114	7	-0.5274352736701502
1114	8	-0.4880567287848905
1114	9	-0.6134991478236032
1114	10-11	-0.5900887648930464
1114	12-13	-0.5576727693978398
1114	14-15	-0.5657065035494568
1114	16-17	-0.6626978531286838
1114	18-19	-0.693135378465108
1114	20-21	-0.6984749352840396
1114	22-23	-0.6770472771651939
1114	24-25	-0.6949917884110732
1114	26-27	-0.7182364958915528
1114	28-29	-0.6791146797191203
1114	30-31	-0.8585565636685573
1114	32-33	-0.870936690526463
1114	34-35	-0.7638500994722079
1114	36-37	-0.8427501088597751
1114	38-39	-0.7831089909534867
1114	40-41	-0.7257433456335249
1114	42-43	-0.9137717443871836
1114	44-45	-0.8811156122069406
1114	46-47	-0.8761568684985761
1114	48-49	-0.823659221114525
1114	50-51	-0.8316148371798846
1114	52-53	-0.8377827836398168
1114	54-55	-0.7724028641272156
1114	56-57	-0.8640571079620827
1114	58-59	-0.9797674358886326
1114	60-61	-0.9064363603271417
1114	62-63	-1.0876223947901877
1114	64-65	-1.0941618744666286
1114	66-67	-1.0593775646289032
1114	68-69	-1.1189553485964439
1114	70-71	-1.0996713931021773
1114	72-73	-1.3151898429482571
1114	74-75	-1.148383482256385
1114	76-77	-1.1474821805379491
1114	78-79	-1.3210663281954638
1114	80-81	-1.4313206848236248
1114	82-83	-1.5375099482984993
1114	84-85	-1.5756894684919338
1114	86-87	-1.558582366287645
1114	88-89	-1.6985308902054825
1114	90	-1.673988626575241
1115	1	-0.7506895821416819
1115	2	-0.8362857203246321
1115	3	-0.8214871035890354
1115	4	-0.6492760721747288
1115	5	-0.6538620040399579
1115	6	-0.7195381897165021
1115	7	-0.6561865950942405
1115	8	-0.5746231762594078
1115	9	-0.5921202081880494
1115	10-11	-0.6049308211185149
1115	12-13	-0.5113514348938963
1115	14-15	-0.6158774375947118
1115	16-17	-0.6930579971863082
1115	18-19	-0.662017677653445
1115	20-21	-0.7621036106347745
1115	22-23	-0.7478193471872316
1115	24-25	-0.6831905305945156
1115	26-27	-0.5709293342209136
1115	28-29	-0.6566047802369397
1115	30-31	-0.6642945006343837
1115	32-33	-0.741562552811672
1115	34-35	-0.6928995700066949
1115	36-37	-0.7586272656926596
1115	38-39	-0.7663128396571466
1115	40-41	-0.9114237670558296
1115	42-43	-0.779669327300951
1115	44-45	-0.8331239976506666
1115	46-47	-0.9505264372215905
1115	48-49	-0.9364285676591138
1115	50-51	-0.8183353761417393
1115	52-53	-0.6864386041769919
1115	54-55	-0.6181141038469917
1115	56-57	-0.6207251483125518
1115	58-59	-0.7896823272182942
1115	60-61	-0.7880679383314799
1115	62-63	-0.6962776777989177
1115	64-65	-0.7865827234032139
1115	66-67	-0.7548329408092229
1115	68-69	-0.8600499356850122
1115	70-71	-0.9769592037488266
1115	72-73	-1.0803474283704873
1115	74-75	-1.1859307399654426
1115	76-77	-1.2343152421207861
1115	78-79	-1.094192414450859
1115	80-81	-1.0690213173154248
1115	82-83	-1.0235026737468829
1115	84-85	-1.1585580786225549
1115	86-87	-1.3228786519661
1115	88-89	-1.425804366760282
1115	90	-1.4488387457273788
1116	1	-0.7029195825819556
1116	2	-0.711437395576688
1116	3	-0.7649714517596848
1116	4	-0.6648072657643027
1116	5	-0.5748077179482891
1116	6	-0.6161876855999182
1116	7	-0.6397325819740018
1116	8	-0.5868417295108443
1116	9	-0.7038641433793487
1116	10-11	-0.6415442143294499
1116	12-13	-0.632234629540136
1116	14-15	-0.6292301430937712
1116	16-17	-0.7112880856818862
1116	18-19	-0.611618346873712
1116	20-21	-0.7497212745277011
1116	22-23	-0.7653300238922043
1116	24-25	-0.6475158068680145
1116	26-27	-0.787201072872783
1116	28-29	-0.6696149506239379
1116	30-31	-0.8000000437154426
1116	32-33	-0.8275837741386596
1116	34-35	-0.9199351883750282
1116	36-37	-0.9612838940552706
1116	38-39	-0.8226453364651434
1116	40-41	-0.8228542253836579
1116	42-43	-0.7197353687749981
1116	44-45	-0.8112898057781734
1116	46-47	-0.9924795037473686
1116	48-49	-0.7173839676503064
1116	50-51	-0.8910347113242381
1116	52-53	-0.9327979578511005
1116	54-55	-0.9134991256406764
1116	56-57	-0.9096257779079409
1116	58-59	-1.0273004313877152
1116	60-61	-1.0147125911734634
1116	62-63	-0.9055463785429794
1116	64-65	-1.0163410116082119
1116	66-67	-0.9612618581693226
1116	68-69	-1.0134272966677145
1116	70-71	-1.1517366439812875
1116	72-73	-1.089233088565095
1116	74-75	-0.9379185883342132
1116	76-77	-1.0489843743358165
1116	78-79	-0.9635835120601612
1116	80-81	-1.3218685853997911
1116	82-83	-1.1894992395902335
1116	84-85	-1.1695500215627206
1116	86-87	-1.0862907947917932
1116	88-89	-1.1155291939517582
1116	90	-1.1644078030954041
1201	1	-0.21769936083442332
1201	2	-0.2251670742043217
1201	3	-0.1825969700780874
1201	4	-0.2175731264570686
1201	5	-0.19082667359280236
1201	6	-0.1456742437263685
1201	7	-0.13260147808294676
1201	8	-0.1685634142176866
1201	9	-0.08077571362233726
1201	10-11	-0.045339830836660155
1201	12-13	-0.06882895601042094
1201	14-15	-0.04173829557661435
1201	16-17	0.10732739835120952
1201	18-19	0.016627837165962944
1201	20-21	0.021275033669063248
1201	22-23	0.16652808401376262
1201	24-25	0.12502932348195372
1201	26-27	0.1423836142214654
1201	28-29	0.08809565268970232
1201	30-31	0.027459911887177668
1201	32-33	0.10870689104410047
1201	34-35	0.14417862926066505
1201	36-37	0.1044080647545016
1201	38-39	0.05058310657517495
1201	40-41	-0.03760947139417681
1201	42-43	0.03178233931526364
1201	44-45	-0.07375128716657997
1201	46-47	0.08867734104730829
1201	48-49	0.1602584838985095
1201	50-51	0.058479131442048526
1201	52-53	0.07578264253064759
1201	54-55	-0.002501800253398301
1201	56-57	-0.03355249232271973
1201	58-59	-0.18648805517082678
1201	60-61	0.0824488489289692
1201	62-63	-0.028250370118257706
1201	64-65	-0.06290799360393606
1201	66-67	-0.036651232716820914
1201	68-69	0.005366794053713875
1201	70-71	-0.05810994093510402
1201	72-73	-0.034370618706837774
1201	74-75	-0.04281366812383425
1201	76-77	-0.2099278484602891
1201	78-79	-0.01961126341092978
1201	80-81	0.06282179975641355
1201	82-83	0.14185835074525954
1201	84-85	0.22990518316182573
1201	86-87	0.31835806505731057
1201	88-89	0.26028022044567933
1201	90	0.26733272955342
1202	1	-0.19423819422146948
1202	2	-0.2432406652262955
1202	3	-0.29113140544424
1202	4	-0.1762923924425479
1202	5	-0.2582168652479311
1202	6	-0.19189137705085813
1202	7	-0.14722300184553205
1202	8	-0.2849119194592902
1202	9	-0.19185796798718258
1202	10-11	-0.1630560826612708
1202	12-13	-0.1255947045270318
1202	14-15	-0.023687452938560227
1202	16-17	-0.03268416541060759
1202	18-19	0.023811587237055676
1202	20-21	0.0966451688323744
1202	22-23	0.031234914216028642
1202	24-25	-0.014430591969883722
1202	26-27	0.14606885241600054
1202	28-29	0.10410103647389946
1202	30-31	0.02671679801256488
1202	32-33	0.07982118271630156
1202	34-35	0.09784111907128334
1202	36-37	0.027672078706835634
1202	38-39	0.045489364276456
1202	40-41	0.14764862797834866
1202	42-43	-0.00961213661884841
1202	44-45	-0.029405208419255757
1202	46-47	-0.006516115000920308
1202	48-49	-0.173800586071728
1202	50-51	-0.014417116970314225
1202	52-53	0.07759682614802443
1202	54-55	0.005014644932479939
1202	56-57	0.18560069908596688
1202	58-59	0.07101512012442868
1202	60-61	-0.05905273397940647
1202	62-63	-0.07759445838198076
1202	64-65	-0.10742942447728154
1202	66-67	-0.09898275249844346
1202	68-69	-0.05434202663214194
1202	70-71	0.01953124122258032
1202	72-73	0.07430315051080782
1202	74-75	-0.027882197630383132
1202	76-77	0.08439169050579665
1202	78-79	-0.12134961908191144
1202	80-81	-0.11651887624973511
1202	82-83	-0.02862751682123843
1202	84-85	-0.021200009156800093
1202	86-87	-0.13116990597642086
1202	88-89	-0.1757778637612546
1202	90	-0.10359673149945436
1203	1	-0.28712835601425013
1203	2	-0.2716984416641708
1203	3	-0.29540568273630896
1203	4	-0.19224723785171705
1203	5	-0.314226311534739
1203	6	-0.20789479379289588
1203	7	-0.20006023763422576
1203	8	-0.22089825249114625
1203	9	-0.10955133213819579
1203	10-11	-0.1037044262113298
1203	12-13	-0.10521651808011256
1203	14-15	0.03957754555406012
1203	16-17	0.02654773758070661
1203	18-19	-0.0052801288383719225
1203	20-21	0.04688718805991954
1203	22-23	-0.0044298430947975476
1203	24-25	-0.003126870400862458
1203	26-27	-0.08633911328259813
1203	28-29	-0.10312353057128831
1203	30-31	0.007689397081335869
1203	32-33	-0.10569618572238682
1203	34-35	0.025061163957893484
1203	36-37	0.10780054150789198
1203	38-39	0.10180196267527464
1203	40-41	0.17540044521614817
1203	42-43	0.09346125633998525
1203	44-45	0.06768218648242907
1203	46-47	-0.07110258872215525
1203	48-49	0.1757195626570507
1203	50-51	0.19987625388019126
1203	52-53	0.2524377131610507
1203	54-55	0.2690626468083366
1203	56-57	0.29055581247491347
1203	58-59	0.34566004693245844
1203	60-61	0.37503429245009556
1203	62-63	0.23164079435643714
1203	64-65	0.15466399996916635
1203	66-67	0.13454570360312346
1203	68-69	0.14507176762639062
1203	70-71	0.05429072938122914
1203	72-73	0.09230971601510873
1203	74-75	0.15173710361237625
1203	76-77	0.027941752476117188
1203	78-79	-0.06012377913283018
1203	80-81	0.1305777304564657
1203	82-83	0.07119159683568199
1203	84-85	0.04186400451016681
1203	86-87	0.0441608815491179
1203	88-89	0.09340362553629689
1203	90	0.04611016562981618
1204	1	-0.2547638750489156
1204	2	-0.17828176420163544
1204	3	-0.28385101552676417
1204	4	-0.1837030765675678
1204	5	-0.28662743677301705
1204	6	-0.26135749251404405
1204	7	-0.31842154769783093
1204	8	-0.3220216400506004
1204	9	-0.14735847468688235
1204	10-11	-0.15619472534951484
1204	12-13	-0.2491023532795893
1204	14-15	0.013926554493039589
1204	16-17	0.034188130180297094
1204	18-19	-0.055304342436237164
1204	20-21	-0.0441119852847649
1204	22-23	-0.055343173837115955
1204	24-25	-0.18678006998877095
1204	26-27	-0.12435677532862854
1204	28-29	-0.11666078249758272
1204	30-31	-0.0773874695248793
1204	32-33	-0.06353059555834761
1204	34-35	0.06647721217534297
1204	36-37	0.10929576973262556
1204	38-39	0.030162100615669374
1204	40-41	-0.05894168521032128
1204	42-43	-0.11197030091823734
1204	44-45	-0.051609110811199344
1204	46-47	0.0075484208460778746
1204	48-49	-0.030402159253632988
1204	50-51	0.0856713544051857
1204	52-53	-0.040953208436242505
1204	54-55	-0.06352654251423928
1204	56-57	-0.039649031478482755
1204	58-59	0.08048799158356701
1204	60-61	-0.04323324775680959
1204	62-63	-0.17250574572092603
1204	64-65	0.004870509571325954
1204	66-67	-0.0316544271811523
1204	68-69	-0.07706871442470486
1204	70-71	-0.06086189339868042
1204	72-73	-0.11572210404546723
1204	74-75	0.041317699421099974
1204	76-77	-0.07180130577840771
1204	78-79	-0.08722218812980032
1204	80-81	-0.15953124615659675
1204	82-83	-0.14067892673325133
1204	84-85	-0.28087395192385856
1204	86-87	-0.29654140532494466
1204	88-89	-0.33299551943066774
1204	90	-0.20243856076578481
1205	1	-0.41926649706580577
1205	2	-0.3802022280117612
1205	3	-0.38821835958972883
1205	4	-0.3362631917148704
1205	5	-0.37318419010212267
1205	6	-0.34884528830875183
1205	7	-0.27311249192587184
1205	8	-0.314991011269818
1205	9	-0.3213577298529131
1205	10-11	-0.26338790911213295
1205	12-13	-0.22205431148836396
1205	14-15	-0.13782833473806733
1205	16-17	-0.1793904950977563
1205	18-19	-0.15784231387085157
1205	20-21	-0.08559118529282017
1205	22-23	-0.023536750147371777
1205	24-25	-0.048771896945716264
1205	26-27	-0.10348884244420731
1205	28-29	-0.05159349580695505
1205	30-31	-0.024612459711178758
1205	32-33	-0.09873658241303929
1205	34-35	-0.11012896189436816
1205	36-37	-0.05789932644155016
1205	38-39	-0.09366654730936119
1205	40-41	-0.009332219779672357
1205	42-43	-0.03268071148280427
1205	44-45	-0.14399620303976235
1205	46-47	0.030124942471424276
1205	48-49	-0.0706861020423375
1205	50-51	-0.07068590420318799
1205	52-53	-0.1128875623934249
1205	54-55	-0.15863630487194058
1205	56-57	-0.14619803450813862
1205	58-59	0.005788189870443716
1205	60-61	-0.08310702859444774
1205	62-63	-0.08526706669404405
1205	64-65	-0.13848486682146444
1205	66-67	-0.13253665282557847
1205	68-69	-0.27630425307052064
1205	70-71	-0.14126873379284177
1205	72-73	-0.12386243479201653
1205	74-75	-0.2303302960696243
1205	76-77	-0.28385251814667356
1205	78-79	-0.25771116156741414
1205	80-81	-0.2001246976568254
1205	82-83	-0.24931396815205886
1205	84-85	-0.2018838058760153
1205	86-87	-0.18105942728747948
1205	88-89	-0.22179633673496824
1205	90	-0.14703398506951615
1206	1	-0.39244614585775395
1206	2	-0.35968062697947545
1206	3	-0.34152158464907956
1206	4	-0.2774259170099569
1206	5	-0.2757934359891223
1206	6	-0.29226613415273306
1206	7	-0.25626343859948264
1206	8	-0.2934788976524416
1206	9	-0.12446492027120115
1206	10-11	-0.11872447660346808
1206	12-13	-0.15017907885231807
1206	14-15	-0.11113309002563199
1206	16-17	-0.07130882226882562
1206	18-19	-0.04521234786673034
1206	20-21	-0.04157851334893081
1206	22-23	-0.07788880189389857
1206	24-25	-0.09036825582973051
1206	26-27	-2.0670971965586205E-4
1206	28-29	-0.043127611624555584
1206	30-31	-0.012533996225741362
1206	32-33	-0.16412178634696772
1206	34-35	-0.08103291319175554
1206	36-37	-0.07709335110717319
1206	38-39	-0.20913880882122982
1206	40-41	-0.028669961824554946
1206	42-43	0.04115279968786467
1206	44-45	-0.0871316820011927
1206	46-47	-0.047467967195487404
1206	48-49	-0.1633228093220893
1206	50-51	-0.12226079853472527
1206	52-53	-0.060113300004779546
1206	54-55	-0.042836285020328546
1206	56-57	-0.013056806851544422
1206	58-59	-0.007519625873534608
1206	60-61	-0.05552569903291982
1206	62-63	-0.15308719457149067
1206	64-65	-0.13120490950242214
1206	66-67	-0.07097081579074427
1206	68-69	-0.1384017410148033
1206	70-71	-0.14083241196517093
1206	72-73	-0.14058534768480513
1206	74-75	-0.13043224235448747
1206	76-77	-0.15598954387932196
1206	78-79	-0.12921334938017992
1206	80-81	-0.09551705644158659
1206	82-83	-0.11720667847571775
1206	84-85	-0.2843496652439015
1206	86-87	-0.2676848191499772
1206	88-89	-0.3662871016009319
1206	90	-0.20123714974688411
1207	1	-0.38388558948665974
1207	2	-0.344191459766229
1207	3	-0.3887256741432026
1207	4	-0.23762674781858806
1207	5	-0.24975258269243739
1207	6	-0.32020441694000823
1207	7	-0.2787436834694006
1207	8	-0.3426376778837721
1207	9	-0.1986963181743988
1207	10-11	-0.2470326149882851
1207	12-13	-0.27986148715623926
1207	14-15	-0.11250345576882381
1207	16-17	-0.13561320223363538
1207	18-19	-0.16449142877166878
1207	20-21	-0.1929056728787586
1207	22-23	-0.18579241559912418
1207	24-25	-0.0040794613351309295
1207	26-27	-0.011552244904088127
1207	28-29	-0.10929558488875557
1207	30-31	-0.27078091713234187
1207	32-33	-0.20039418330274827
1207	34-35	-0.0918969333477122
1207	36-37	-0.05704150365112781
1207	38-39	-0.15019225959217408
1207	40-41	-0.17077025229524878
1207	42-43	-0.21335782487616228
1207	44-45	-0.2132756055418099
1207	46-47	-0.35959772118035005
1207	48-49	-0.2327299471967521
1207	50-51	-0.30420971109159467
1207	52-53	-0.17099319714275651
1207	54-55	-0.179045174048035
1207	56-57	-0.17760871156882985
1207	58-59	-0.29130245999290594
1207	60-61	-0.10905715627959722
1207	62-63	-0.22659501854001007
1207	64-65	-0.2770519074514297
1207	66-67	-0.1870653905479145
1207	68-69	-0.14632071114525047
1207	70-71	-0.24321161676262193
1207	72-73	-0.29649861251286325
1207	74-75	-0.1189513624052907
1207	76-77	-0.13107309324372096
1207	78-79	-0.27571885166542387
1207	80-81	-0.0996411675908675
1207	82-83	-0.09139617155751267
1207	84-85	-0.1099201954830491
1207	86-87	-0.3152754220588463
1207	88-89	-0.34181312423474
1207	90	-0.2472595753332918
1208	1	-0.3408856827606499
1208	2	-0.32802097883119075
1208	3	-0.3695793942207857
1208	4	-0.30538551736726305
1208	5	-0.29688464670230985
1208	6	-0.2898096527199101
1208	7	-0.36371808095530156
1208	8	-0.3106004543873411
1208	9	-0.19634593323981875
1208	10-11	-0.2801676015831376
1208	12-13	-0.21668360648476437
1208	14-15	-0.16101430066375144
1208	16-17	-0.11176914199298693
1208	18-19	-0.16216794979538207
1208	20-21	-0.0807445982667474
1208	22-23	-0.16175821991985373
1208	24-25	-0.21779408597907945
1208	26-27	-0.1466422782196375
1208	28-29	-0.12678684942096652
1208	30-31	0.025828274421343167
1208	32-33	-0.2322780428369029
1208	34-35	-0.13384601292477782
1208	36-37	-0.17602443451119143
1208	38-39	-0.11824023829700536
1208	40-41	-0.13479877978596022
1208	42-43	-0.09132017088439426
1208	44-45	-0.11815766177885223
1208	46-47	-0.11211402619107247
1208	48-49	-0.08123116573771227
1208	50-51	0.01988421581507538
1208	52-53	-0.1146356779438591
1208	54-55	-0.23702123611589343
1208	56-57	-0.3645303829430375
1208	58-59	-0.3378431908304833
1208	60-61	-0.3265093174857441
1208	62-63	-0.4355150014158582
1208	64-65	-0.28177808850341535
1208	66-67	-0.21475192058811388
1208	68-69	-0.2158131212733707
1208	70-71	-0.3016672027983063
1208	72-73	-0.23653449908213275
1208	74-75	-0.27529740172865047
1208	76-77	-0.2343285946153273
1208	78-79	-0.29661940006864285
1208	80-81	-0.40233828064133803
1208	82-83	-0.4014538579321041
1208	84-85	-0.4592874869259944
1208	86-87	-0.5681343296051935
1208	88-89	-0.5312723264312211
1208	90	-0.5300866381832172
1209	1	-0.5392669903038225
1209	2	-0.5077887219218127
1209	3	-0.47735756677127483
1209	4	-0.3753233266771261
1209	5	-0.3711699293580182
1209	6	-0.35117337173996077
1209	7	-0.3117089831539417
1209	8	-0.40534851634862434
1209	9	-0.4286548780123596
1209	10-11	-0.4632664492509164
1209	12-13	-0.3775121442621838
1209	14-15	-0.39917974524465905
1209	16-17	-0.34589932559959635
1209	18-19	-0.29325741990161447
1209	20-21	-0.3453574521284182
1209	22-23	-0.39144329387445964
1209	24-25	-0.30237762097287657
1209	26-27	-0.3644425798011284
1209	28-29	-0.26890306739890946
1209	30-31	-0.23415846494567205
1209	32-33	-0.3733739754035099
1209	34-35	-0.2698693337341851
1209	36-37	-0.3036104677634839
1209	38-39	-0.3949199884151966
1209	40-41	-0.38227688155711803
1209	42-43	-0.3220375599385008
1209	44-45	-0.37308214051567745
1209	46-47	-0.22043996919272502
1209	48-49	-0.30800757300141157
1209	50-51	-0.2795117819356463
1209	52-53	-0.2910395845151541
1209	54-55	-0.3477511584264903
1209	56-57	-0.2447214032004723
1209	58-59	-0.34377606517060144
1209	60-61	-0.2957410120771371
1209	62-63	-0.2878886267442269
1209	64-65	-0.3223430362302224
1209	66-67	-0.3811412516535242
1209	68-69	-0.33009124206822094
1209	70-71	-0.2404542745204239
1209	72-73	-0.22353628115453716
1209	74-75	-0.2690226604368817
1209	76-77	-0.22411091321183108
1209	78-79	-0.31198830584261117
1209	80-81	-0.308343892630738
1209	82-83	-0.23543856624014126
1209	84-85	-0.2872654642038768
1209	86-87	-0.36292491511530045
1209	88-89	-0.3174373457766393
1209	90	-0.2589990144942469
1210	1	-0.5291271587127895
1210	2	-0.5767320965804004
1210	3	-0.6074101649417969
1210	4	-0.47500225922662054
1210	5	-0.5112917716899261
1210	6	-0.40294556398009007
1210	7	-0.5568196184144654
1210	8	-0.49244392263459247
1210	9	-0.46952078560077126
1210	10-11	-0.4846468022407393
1210	12-13	-0.41546342313257156
1210	14-15	-0.3981973157201466
1210	16-17	-0.386933800184174
1210	18-19	-0.30602057537042526
1210	20-21	-0.40616957630961537
1210	22-23	-0.5230340658849713
1210	24-25	-0.5037619774288657
1210	26-27	-0.42181857111992827
1210	28-29	-0.3992417026910502
1210	30-31	-0.48985747803858715
1210	32-33	-0.469512737647662
1210	34-35	-0.4506742938180395
1210	36-37	-0.4105609591099366
1210	38-39	-0.4683648920291148
1210	40-41	-0.3723927977055794
1210	42-43	-0.437382687693848
1210	44-45	-0.40544568684921956
1210	46-47	-0.3173264840964265
1210	48-49	-0.49663140784789306
1210	50-51	-0.48483244113796076
1210	52-53	-0.43338098009184733
1210	54-55	-0.5658776416185134
1210	56-57	-0.6198643559147996
1210	58-59	-0.46934056706830063
1210	60-61	-0.4696676485597848
1210	62-63	-0.5592804370220748
1210	64-65	-0.5365598186550073
1210	66-67	-0.5270391474633129
1210	68-69	-0.5340667893183451
1210	70-71	-0.49901892654810354
1210	72-73	-0.4413835752591666
1210	74-75	-0.47990945452966116
1210	76-77	-0.48807023588857135
1210	78-79	-0.554959457181539
1210	80-81	-0.6059286436388476
1210	82-83	-0.5163725854304388
1210	84-85	-0.5055963348787458
1210	86-87	-0.5596915894201544
1210	88-89	-0.5298407160630205
1210	90	-0.647135058595584
1211	1	-0.5933261580491873
1211	2	-0.6552523619613808
1211	3	-0.6216891258690893
1211	4	-0.48535865032464187
1211	5	-0.4021504721062428
1211	6	-0.4569647714871792
1211	7	-0.4663609473165877
1211	8	-0.4820270253804395
1211	9	-0.4737557246100792
1211	10-11	-0.43582768072126044
1211	12-13	-0.5197273362280228
1211	14-15	-0.5018955208517539
1211	16-17	-0.514643110900991
1211	18-19	-0.5890892803566743
1211	20-21	-0.4797922864836508
1211	22-23	-0.4306431331505962
1211	24-25	-0.4963876051802316
1211	26-27	-0.48360839241032494
1211	28-29	-0.42766951171394396
1211	30-31	-0.3932166027358761
1211	32-33	-0.436513024437005
1211	34-35	-0.4158188125260054
1211	36-37	-0.5021603926149041
1211	38-39	-0.4336346043690753
1211	40-41	-0.46966234672810714
1211	42-43	-0.6008176861270798
1211	44-45	-0.48736265961308334
1211	46-47	-0.5533265647712966
1211	48-49	-0.7669886548866529
1211	50-51	-0.8356171272758033
1211	52-53	-0.7328989969066555
1211	54-55	-0.7514778159549564
1211	56-57	-0.6000569524208927
1211	58-59	-0.4735954288363189
1211	60-61	-0.5310575389157393
1211	62-63	-0.6096773918407052
1211	64-65	-0.6356996473979919
1211	66-67	-0.644807739455544
1211	68-69	-0.5512864478176667
1211	70-71	-0.5831101855729912
1211	72-73	-0.7290136081538634
1211	74-75	-0.795277870611315
1211	76-77	-0.7718212338712078
1211	78-79	-0.8699190877693184
1211	80-81	-0.9395571289533109
1211	82-83	-0.8997405745255591
1211	84-85	-0.7995153186114408
1211	86-87	-0.8228675427979475
1211	88-89	-0.9047594877782146
1211	90	-0.9698842418854561
1212	1	-0.7262804801108516
1212	2	-0.7071934766251005
1212	3	-0.6496544635107355
1212	4	-0.4683316141370497
1212	5	-0.5269620774434287
1212	6	-0.477140342885086
1212	7	-0.46974177003918527
1212	8	-0.6327685151387783
1212	9	-0.5015990435195903
1212	10-11	-0.52234212525358
1212	12-13	-0.5661202139494321
1212	14-15	-0.570142179459161
1212	16-17	-0.5550252103010607
1212	18-19	-0.6096907875139763
1212	20-21	-0.5961432485109697
1212	22-23	-0.6107016569498995
1212	24-25	-0.470741301330996
1212	26-27	-0.6656149226720984
1212	28-29	-0.5089708188961026
1212	30-31	-0.6048474734751039
1212	32-33	-0.6494020438809116
1212	34-35	-0.6253977349198365
1212	36-37	-0.5346781587682656
1212	38-39	-0.5439345670855786
1212	40-41	-0.4389256021426817
1212	42-43	-0.4166597848492728
1212	44-45	-0.4000532856369645
1212	46-47	-0.4719504646255501
1212	48-49	-0.6217429792079301
1212	50-51	-0.4600138689237312
1212	52-53	-0.4321151395329963
1212	54-55	-0.558716012337328
1212	56-57	-0.5193158016034758
1212	58-59	-0.45199698344535477
1212	60-61	-0.51595636505035
1212	62-63	-0.30425908225205944
1212	64-65	-0.461630435661597
1212	66-67	-0.44370008052050025
1212	68-69	-0.43410914782106147
1212	70-71	-0.36065873886015254
1212	72-73	-0.42873499871548404
1212	74-75	-0.44534351216999113
1212	76-77	-0.4872782957053232
1212	78-79	-0.5688584286422014
1212	80-81	-0.49766335303845466
1212	82-83	-0.47613785847895684
1212	84-85	-0.44578098050657644
1212	86-87	-0.5873856252961644
1212	88-89	-0.5486719958280588
1212	90	-0.6287261937332502
1213	1	-0.6196869550450543
1213	2	-0.6075500947773236
1213	3	-0.6029977322638445
1213	4	-0.4337910216055221
1213	5	-0.4454683822071459
1213	6	-0.4023947002008299
1213	7	-0.4551003435665777
1213	8	-0.4193654224751313
1213	9	-0.3531021456958712
1213	10-11	-0.40823826840817645
1213	12-13	-0.45051230366416206
1213	14-15	-0.455514070676891
1213	16-17	-0.4358819817124271
1213	18-19	-0.4660451226335667
1213	20-21	-0.5102828305891691
1213	22-23	-0.478432047707841
1213	24-25	-0.5888034716917332
1213	26-27	-0.4824059934778191
1213	28-29	-0.6034623685044949
1213	30-31	-0.5970929840394135
1213	32-33	-0.6154522917379239
1213	34-35	-0.6752223853304642
1213	36-37	-0.7269583376058222
1213	38-39	-0.47566280164603825
1213	40-41	-0.7736915384503007
1213	42-43	-0.7394023834900239
1213	44-45	-0.7765511558634728
1213	46-47	-0.6540823520382233
1213	48-49	-0.8140815022126517
1213	50-51	-0.8606968761850453
1213	52-53	-0.7259676513973616
1213	54-55	-0.6683389948657847
1213	56-57	-0.6110174007832754
1213	58-59	-0.6776071133456867
1213	60-61	-0.6339037496039381
1213	62-63	-0.5782217293015606
1213	64-65	-0.6487814011941495
1213	66-67	-0.7634328811462225
1213	68-69	-0.6326852119150814
1213	70-71	-0.6205851744754582
1213	72-73	-0.5323271814426533
1213	74-75	-0.6561175236485752
1213	76-77	-0.6706415409939268
1213	78-79	-0.6552297808105578
1213	80-81	-0.7099162623196165
1213	82-83	-0.7896162066625791
1213	84-85	-0.7360472286172595
1213	86-87	-0.7625316442580257
1213	88-89	-0.8557732842617511
1213	90	-0.6612725149855372
1214	1	-0.6350935118601768
1214	2	-0.5674155143922661
1214	3	-0.5533045983934954
1214	4	-0.4364308048405121
1214	5	-0.40147961220167616
1214	6	-0.4340006873548887
1214	7	-0.3743672110020384
1214	8	-0.3803987288760666
1214	9	-0.4731782093216239
1214	10-11	-0.4316500729605721
1214	12-13	-0.4637971178714082
1214	14-15	-0.5044812539559445
1214	16-17	-0.5152731870597265
1214	18-19	-0.5118769257169262
1214	20-21	-0.48042214454748944
1214	22-23	-0.45779856502210947
1214	24-25	-0.7603906061660268
1214	26-27	-0.6714781723089516
1214	28-29	-0.6623812774974738
1214	30-31	-0.607111428652523
1214	32-33	-0.6834433387553673
1214	34-35	-0.7180289862167797
1214	36-37	-0.7208018358796977
1214	38-39	-0.6465046023626115
1214	40-41	-0.7472437179343459
1214	42-43	-0.5774815320997462
1214	44-45	-0.6541952237984106
1214	46-47	-0.7297830024964824
1214	48-49	-0.7056265650141071
1214	50-51	-0.8409964379214472
1214	52-53	-0.7062166128677134
1214	54-55	-0.5858554603555888
1214	56-57	-0.5031547723442955
1214	58-59	-0.4907913391208041
1214	60-61	-0.8047465704871613
1214	62-63	-0.5900279139598865
1214	64-65	-0.8044837247257206
1214	66-67	-0.8218355858120532
1214	68-69	-0.8499205194749209
1214	70-71	-0.6725751115515877
1214	72-73	-0.7482805475845424
1214	74-75	-0.8232300031432231
1214	76-77	-0.9686634378509993
1214	78-79	-1.0611638862060104
1214	80-81	-1.082637414046964
1214	82-83	-1.2999394770720372
1214	84-85	-1.3034163820421654
1214	86-87	-1.4239564906209239
1214	88-89	-1.5679581547821968
1214	90	-1.55724040830059
1215	1	-0.7210669007243666
1215	2	-0.7776329582569659
1215	3	-0.6962033559685423
1215	4	-0.4487548336354479
1215	5	-0.6263772466807254
1215	6	-0.6465040995389231
1215	7	-0.5749252493276913
1215	8	-0.6362084108995134
1215	9	-0.6132813157739676
1215	10-11	-0.5209781261828468
1215	12-13	-0.6221140727213879
1215	14-15	-0.6562068441662916
1215	16-17	-0.6011048240501466
1215	18-19	-0.5704032911754737
1215	20-21	-0.7586956964165879
1215	22-23	-0.7286760617659098
1215	24-25	-0.5743294754267367
1215	26-27	-0.7594015756018067
1215	28-29	-0.7872666281140042
1215	30-31	-0.6871815441598272
1215	32-33	-0.757646642529437
1215	34-35	-0.8382809808820753
1215	36-37	-0.6382897664973228
1215	38-39	-0.6392904653916958
1215	40-41	-0.7750257203209259
1215	42-43	-0.7323673896693279
1215	44-45	-0.7490964459452414
1215	46-47	-0.7579280612640389
1215	48-49	-0.7449495487058257
1215	50-51	-1.0140926342136751
1215	52-53	-0.9764535939232601
1215	54-55	-0.9613292664811368
1215	56-57	-0.8488920770698769
1215	58-59	-0.7670187504625119
1215	60-61	-0.9003766351431679
1215	62-63	-0.7911962457723547
1215	64-65	-0.734737513224907
1215	66-67	-0.628750230515962
1215	68-69	-0.7400043227147464
1215	70-71	-0.997449543179215
1215	72-73	-0.8613338088525495
1215	74-75	-1.0415620105993355
1215	76-77	-1.0427275245165788
1215	78-79	-0.9354699454649236
1215	80-81	-0.9921895795164417
1215	82-83	-1.0219950547255436
1215	84-85	-0.8783107018281484
1215	86-87	-1.0027570786864715
1215	88-89	-1.0576482894757255
1215	90	-1.296458686688009
1216	1	-1.1869389403329293
1216	2	-0.9690319535712106
1216	3	-0.8008840689402135
1216	4	-0.7452007194012324
1216	5	-0.6713896682102103
1216	6	-0.7040586479236879
1216	7	-0.5966437399748159
1216	8	-0.5120435477117482
1216	9	-0.6639015151762422
1216	10-11	-0.6481294188770548
1216	12-13	-0.6546304136655152
1216	14-15	-0.6998323958992714
1216	16-17	-0.7009583530582049
1216	18-19	-0.6145178104414626
1216	20-21	-0.7087267228317984
1216	22-23	-0.6696902418243695
1216	24-25	-0.725416057762942
1216	26-27	-0.6886602525828422
1216	28-29	-0.7515358189933323
1216	30-31	-0.9212111628747834
1216	32-33	-0.6527981895744759
1216	34-35	-0.6039487723933306
1216	36-37	-0.7551584885817704
1216	38-39	-0.6589379702320315
1216	40-41	-0.5902678031033517
1216	42-43	-0.6642046577660636
1216	44-45	-0.5133998426250841
1216	46-47	-0.7436526212480743
1216	48-49	-0.7254829399258895
1216	50-51	-1.078328825266226
1216	52-53	-0.8381103167883097
1216	54-55	-0.8584597067931128
1216	56-57	-0.7717201731881786
1216	58-59	-0.7605865250901473
1216	60-61	-0.7185925395247992
1216	62-63	-0.9185141821101013
1216	64-65	-0.8318776013267666
1216	66-67	-1.0785389658441886
1216	68-69	-0.8139710773078619
1216	70-71	-0.8649700392510269
1216	72-73	-0.8969599175261322
1216	74-75	-0.8108214111646035
1216	76-77	-0.8714447192901034
1216	78-79	-0.7941270827463995
1216	80-81	-0.777601901936805
1216	82-83	-0.8278919373930691
1216	84-85	-1.1161928584600247
1216	86-87	-0.9825263210937685
1216	88-89	-1.1511578484620948
1216	90	-1.1243958357222432
1301	1	-0.30751808783455914
1301	2	-0.33878940742273755
1301	3	-0.25451288377899317
1301	4	-0.29854868146031777
1301	5	-0.23365552654600208
1301	6	-0.10583988283195112
1301	7	-0.2670449515333857
1301	8	-0.17061987261950406
1301	9	-0.11795231248868276
1301	10-11	-0.1421056190655392
1301	12-13	-0.16381087681472195
1301	14-15	-0.0016694262679521898
1301	16-17	0.09899733878206263
1301	18-19	0.008732720553147999
1301	20-21	-0.04432117891983722
1301	22-23	0.0819847941613574
1301	24-25	0.02759408388250506
1301	26-27	-0.08622400710157052
1301	28-29	0.03218644151989025
1301	30-31	-0.08707840718857085
1301	32-33	0.11161720059520519
1301	34-35	0.14043651635989107
1301	36-37	-0.16766980005640875
1301	38-39	-0.25432593622961974
1301	40-41	-0.04962151350146371
1301	42-43	-0.12753906949905058
1301	44-45	0.15704708370146392
1301	46-47	0.1726073012009266
1301	48-49	-0.0172603769918922
1301	50-51	-0.0486751791032205
1301	52-53	-0.06302228655560782
1301	54-55	0.3280448248297887
1301	56-57	0.019452422332243202
1301	58-59	0.11358650647883195
1301	60-61	0.19263172540517104
1301	62-63	0.18460309619671733
1301	64-65	0.11679760814065077
1301	66-67	0.10911077932527746
1301	68-69	-0.2865480773875646
1301	70-71	-0.16187690771909757
1301	72-73	-0.11038341444800892
1301	74-75	-0.23834357696620856
1301	76-77	0.07059833229959622
1301	78-79	-0.046036553439719796
1301	80-81	0.02154030146812147
1301	82-83	-0.10198830881266474
1301	84-85	-0.21848492659612617
1301	86-87	-0.12057554300497486
1301	88-89	0.07515486868305743
1301	90	-0.2640673458099698
>>END_MODULE
>>Per sequence quality scores	pass
#Quality	Count
10	2.0
11	21.0
12	84.0
13	155.0
14	220.0
15	316.0
16	433.0
17	539.0
18	664.0
19	824.0
20	1051.0
21	1234.0
22	1471.0
23	1588.0
24	1821.0
25	1984.0
26	2467.0
27	2926.0
28	3494.0
29	4181.0
30	5099.0
31	6338.0
32	8131.0
33	11066.0
34	15275.0
35	22880.0
36	40005.0
37	78093.0
38	127414.0
39	100322.0
40	3805.0
41	0.0
42	0.0
43	0.0
44	0.0
45	0.0
46	0.0
47	0.0
48	0.0
49	209.0
>>END_MODULE
>>Per base sequence content	pass
#Base	G	A	T	C
1	19.77035358971703	26.81084684084184	26.086192841733585	27.332606727707542
2	23.60786786313431	28.480808854160806	26.370852426900253	21.54047085580463
3	22.087721312915015	26.144589978631465	28.242263758384727	23.52542495006879
4	22.169304663275437	26.100516340266662	27.319646825959776	24.410532170498122
5	22.497393528745494	26.187661426702423	28.597549579249108	22.71739546530297
6	22.76182584573261	25.83582519724754	27.58741038296646	23.814938574053393
7	22.50118213956002	26.155682150818492	28.297719033572765	23.045416676048728
8	21.4691339121663	25.99907230608495	28.999666750729546	23.5321270310192
9	21.712315812227544	25.527794790503293	29.160887343733112	23.599002053536044
10-11	22.226713081384876	25.819162733724827	28.27113430846273	23.68298987642757
12-13	22.090823936304353	25.998396800807004	28.17566289584609	23.735116367042547
14-15	22.203633317721653	26.154325935799978	28.1794907590878	23.462549987390567
16-17	22.13326818460208	26.1203255034766	28.15415931116475	23.592247000756565
18-19	22.138109305760707	26.105351803148757	28.15596065857261	23.600578232517925
20-21	22.301831859791967	26.136454471455927	27.95581740171106	23.605896267041047
22-23	22.269645995480793	26.098361984622986	27.994649907848267	23.63734211204795
24-25	22.225549722422684	26.158917656754344	27.828322005446843	23.78721061537613
26-27	22.461451165471775	26.19710793673668	27.76169074467702	23.579750153114528
28-29	22.400092769391506	26.30901664445005	27.58549645134561	23.705394134812842
30-31	22.335919767986454	26.217260510862122	27.664192816226535	23.782626904924882
32-33	22.274448787693192	26.278281154303418	27.64460316316605	23.802666894837337
34-35	22.23065352883957	26.43646197355622	27.491038296645893	23.841846200958315
36-37	22.311488993767338	26.334122923947113	27.654397989696296	23.699990092589257
38-39	22.211514212631048	26.40752783081745	27.679279100767374	23.701678855784124
40-41	22.338396620672263	26.35292448751666	27.596529704218753	23.712149187592317
42-43	22.188209280541844	26.362606729833914	27.66790809525525	23.78127589436899
44-45	22.140135821594555	26.40730266239147	27.769796808012394	23.682764708001585
46-47	22.326350109882192	26.4756412796772	27.60272183593328	23.595286774507333
48-49	22.192937817487483	26.52439024390244	27.73523345462406	23.54743848398602
50-51	22.173573332852975	26.591377850632274	27.739173902078758	23.495874914435998
52-53	22.177851532946644	26.661630399538854	27.847817667615377	23.312700399899125
54-55	22.157698958821197	26.710829700616063	27.757299960370357	23.374171380192386
56-57	22.072923046438735	26.715220484922725	27.944077169722952	23.26777929891559
58-59	22.002895665958135	26.77883056526282	27.900281910869328	23.317991857909718
60-61	22.0409491299492	26.780744496883667	27.871122599704577	23.30718377346255
62-63	22.089135173109486	26.625040530316678	27.994402312930074	23.291421983643765
64-65	22.03385632453075	26.77567820729906	28.025475555715673	23.164989912454516
66-67	21.913841553482005	26.803599092120905	28.0147800554815	23.26777929891559
68-69	22.102681999238925	26.744222702084397	27.97308768793247	23.18000761074421
70-71	22.13000324242533	26.846944014122563	27.963666822783438	23.05938592066866
72-73	22.075345727702913	26.81403604372444	27.996766490392353	23.113851738180294
74-75	22.055697661851063	26.88094444644594	28.072085419894083	22.991272471808912
76-77	22.04320081420903	26.95502485859423	27.994514897143063	23.00725943005368
78-79	22.141161132558523	26.945719467833946	27.940744343455837	22.97237505615169
80-81	22.120996505386028	26.898282415246605	27.97368681773967	23.007034261627698
82-83	22.110638757790827	26.962455416651654	28.020972187196026	22.905933638361496
84-85	22.065066993311362	26.878272686025916	28.052527349550733	23.004132971111986
86-87	22.031742028747285	26.95561812742971	27.992294727787954	23.02034511603505
88-89	22.235156897359225	26.863268725006307	28.020296681918072	22.881277695716395
90	22.086545736210685	26.894341967791906	28.050131498360777	22.968980797636632
>>END_MODULE
>>Per sequence GC content	pass
#GC Content	Count
0	5.0
1	6.5
2	7.0
3	8.0
4	11.0
5	17.5
6	20.5
7	21.5
8	22.5
9	37.0
10	54.0
11	59.5
12	67.0
13	81.5
14	106.0
15	149.5
16	225.0
17	325.5
18	464.5
19	636.0
20	725.0
21	915.5
22	1289.5
23	1697.5
24	2187.5
25	2850.5
26	3609.0
27	4460.0
28	5441.5
29	6442.0
30	6951.0
31	7540.5
32	8685.5
33	10104.0
34	11700.5
35	13085.5
36	14124.0
37	15106.0
38	15755.0
39	15928.0
40	16047.0
41	16055.5
42	16053.5
43	16024.5
44	15998.5
45	15967.0
46	15941.0
47	15889.0
48	15629.0
49	15221.0
50	15023.0
51	14810.5
52	14265.0
53	13775.0
54	13481.5
55	13275.5
56	12939.0
57	12380.0
58	11587.0
59	10438.5
60	9791.0
61	9081.5
62	7636.5
63	6192.5
64	4871.5
65	3747.0
66	2789.5
67	2023.5
68	1445.5
69	1022.5
70	857.0
71	731.5
72	515.5
73	336.0
74	236.0
75	175.5
76	112.5
77	82.5
78	63.5
79	46.5
80	32.0
81	30.5
82	20.0
83	9.5
84	9.0
85	6.0
86	1.0
87	1.0
88	2.0
89	1.0
90	0.0
91	0.0
92	0.0
93	0.0
94	0.5
95	0.5
96	0.0
97	0.0
98	0.0
99	0.0
100	0.0
>>END_MODULE
>>Per base N content	pass
#Base	N-Count
1	0.00855640018734013
2	0.006079547501531145
3	2.2516842598263503E-4
4	0.005629210649565875
5	0.005629210649565875
6	0.0
7	4.5033685196527005E-4
8	0.0
9	0.0
10-11	0.0
12-13	0.0
14-15	0.0
16-17	0.0
18-19	0.0
20-21	1.1258421299131751E-4
22-23	0.0016887631948697625
24-25	3.377526389739525E-4
26-27	0.0
28-29	0.0
30-31	0.0
32-33	0.0
34-35	0.0
36-37	0.0
38-39	0.0
40-41	0.0
42-43	0.0
44-45	0.0
46-47	0.0
48-49	0.0
50-51	0.0
52-53	0.0
54-55	0.0
56-57	0.0
58-59	0.0
60-61	0.0
62-63	0.0
64-65	0.0
66-67	0.0
68-69	6.75505277947905E-4
70-71	0.0
72-73	0.0028146053247829375
74-75	0.0
76-77	0.0
78-79	5.629210649565875E-4
80-81	0.0
82-83	0.0
84-85	1.1258421299131751E-4
86-87	1.1258421299131751E-4
88-89	0.0
90	0.0
>>END_MODULE
>>Sequence Length Distribution	pass
#Length	Count
90	444112.0
>>END_MODULE
>>Sequence Duplication Levels	pass
#Total Deduplicated Percentage	95.06024197708116
#Duplication Level	Percentage of deduplicated	Percentage of total
1	95.80080096715717	91.06847321536152
2	3.624761999194988	6.89141505505608
3	0.3935402183393982	1.1223008514916963
4	0.10276737612544797	0.3907636656733918
5	0.03457065941359071	0.16431476245815957
6	0.009910749955173836	0.056527097334790256
7	0.011604752072479857	0.07722053780657784
8	0.005420207111079576	0.041219695963609644
9	0.004460871657328176	0.03816463852568875
>10	0.01216219897335389	0.1496004803284629
>50	0.0	0.0
>100	0.0	0.0
>500	0.0	0.0
>1k	0.0	0.0
>5k	0.0	0.0
>10k+	0.0	0.0
>>END_MODULE
>>Overrepresented sequences	pass
>>END_MODULE
>>Adapter Content	pass
#Position	Illumina Universal Adapter	Illumina Small RNA 3' Adapter	Illumina Small RNA 5' Adapter	Nextera Transposase Sequence	SOLID Small RNA Adapter
1	0.0	0.0	0.0	0.0	0.0
2	0.0	0.0	0.0	0.0	0.0
3	0.0	0.0	0.0	0.0	0.0
4	0.0	0.0	0.0	0.0	0.0
5	0.0	0.0	0.0	0.0	0.0
6	0.0	0.0	0.0	0.0	0.0
7	0.0	0.0	0.0	0.0	0.0
8	0.0	0.0	0.0	0.0	0.0
9	0.0	0.0	0.0	0.0	0.0
10-11	0.0	0.0	0.0	0.0	0.0
12-13	0.0	0.0	0.0	0.0	0.0
14-15	0.0	0.0	0.0	0.0	0.0
16-17	0.0	0.0	0.0	0.0	0.0
18-19	0.0	0.0	0.0	0.0	0.0
20-21	0.0	0.0	0.0	0.0	0.0
22-23	0.0	0.0	0.0	0.0	0.0
24-25	0.0	0.0	0.0	0.0	0.0
26-27	0.0	0.0	0.0	0.0	0.0
28-29	0.0	0.0	0.0	2.25168425982635E-4	0.0
30-31	0.0	0.0	0.0	2.25168425982635E-4	0.0
32-33	0.0	0.0	0.0	2.25168425982635E-4	0.0
34-35	0.0	0.0	0.0	2.25168425982635E-4	0.0
36-37	0.0	0.0	0.0	2.25168425982635E-4	0.0
38-39	0.0	2.25168425982635E-4	0.0	2.25168425982635E-4	0.0
40-41	0.0	2.25168425982635E-4	0.0	2.25168425982635E-4	0.0
42-43	0.0	2.25168425982635E-4	0.0	2.25168425982635E-4	0.0
44-45	0.0	2.25168425982635E-4	0.0	2.25168425982635E-4	0.0
46-47	0.0	2.25168425982635E-4	0.0	4.5033685196527E-4	0.0
48-49	0.0	2.25168425982635E-4	0.0	4.5033685196527E-4	0.0
50-51	0.0	4.5033685196527E-4	0.0	4.5033685196527E-4	0.0
52-53	0.0	4.5033685196527E-4	0.0	4.5033685196527E-4	0.0
54-55	0.0	4.5033685196527E-4	0.0	4.5033685196527E-4	0.0
56-57	0.0	4.5033685196527E-4	0.0	4.5033685196527E-4	0.0
58-59	0.0	4.5033685196527E-4	0.0	4.5033685196527E-4	0.0
60-61	0.0	4.5033685196527E-4	0.0	4.5033685196527E-4	0.0
62-63	0.0	6.75505277947905E-4	0.0	4.5033685196527E-4	0.0
64-65	0.0	6.75505277947905E-4	0.0	4.5033685196527E-4	0.0
66-67	0.0	6.75505277947905E-4	0.0	4.5033685196527E-4	0.0
68-69	0.0	6.75505277947905E-4	0.0	4.5033685196527E-4	0.0
70-71	0.0	6.75505277947905E-4	0.0	4.5033685196527E-4	0.0
72-73	0.0	6.75505277947905E-4	0.0	4.5033685196527E-4	0.0
74-75	0.0	6.75505277947905E-4	0.0	4.5033685196527E-4	0.0
76-77	0.0	6.75505277947905E-4	0.0	4.5033685196527E-4	0.0
78-79	0.0	6.75505277947905E-4	0.0	4.5033685196527E-4	0.0
>>END_MODULE
