	##FastQC	0.11.9
>>Basic Statistics	pass
#Measure	Value
Filename	dad.chr22.1.fq
File type	Conventional base calls
Encoding	Illumina 1.5
Total Sequences	444112
Sequences flagged as poor quality	0
Sequence length	89-90
%GC	45
>>END_MODULE
>>Per base sequence quality	pass
#Base	Mean	Median	Lower Quartile	Upper Quartile	10th Percentile	90th Percentile
1	32.86069730158158	34.0	31.0	34.0	31.0	34.0
2	33.09741911950139	34.0	33.0	34.0	31.0	34.0
3	33.15156537089743	34.0	33.0	34.0	31.0	34.0
4	36.502307976366325	37.0	37.0	37.0	35.0	37.0
5	36.44285000180135	37.0	37.0	37.0	35.0	37.0
6	36.442642846849445	37.0	37.0	37.0	35.0	37.0
7	36.420087725618764	37.0	37.0	37.0	35.0	37.0
8	36.417480275245886	37.0	37.0	37.0	35.0	37.0
9	38.22499504629463	39.0	39.0	39.0	37.0	39.0
10-11	38.1956859981266	39.0	39.0	39.0	37.0	39.0
12-13	38.15431805490507	39.0	39.0	39.0	37.0	39.0
14-15	39.667362061822246	41.0	40.0	41.0	37.0	41.0
16-17	39.63564258565407	41.0	40.0	41.0	37.0	41.0
18-19	39.57182985373059	41.0	40.0	41.0	37.0	41.0
20-21	39.50208618546673	41.0	39.0	41.0	37.0	41.0
22-23	39.39810002882156	41.0	39.0	41.0	36.0	41.0
24-25	39.29938844255503	40.5	39.0	41.0	36.0	41.0
26-27	39.13147246640487	40.0	39.0	41.0	36.0	41.0
28-29	38.97940834744389	40.0	38.0	41.0	35.5	41.0
30-31	38.90704709622798	40.0	38.0	41.0	35.0	41.0
32-33	38.947978212703106	40.0	38.0	41.0	35.5	41.0
34-35	39.079395512843604	40.0	39.0	41.0	36.0	41.0
36-37	39.094103514428795	40.0	39.0	41.0	35.0	41.0
38-39	39.037890216882225	40.0	39.0	41.0	35.0	41.0
40-41	38.9314778704471	40.0	38.0	41.0	35.0	41.0
42-43	38.82293655654429	40.0	38.0	41.0	35.0	41.0
44-45	38.704422533054725	40.0	38.0	41.0	35.0	41.0
46-47	38.54864313506503	40.0	38.0	41.0	34.0	41.0
48-49	38.33156951399647	40.0	38.0	41.0	34.0	41.0
50-51	38.08781456029109	40.0	37.5	41.0	33.0	41.0
52-53	37.87884024750513	40.0	37.0	41.0	33.0	41.0
54-55	37.62037729221458	40.0	36.5	41.0	33.0	41.0
56-57	37.333101785135284	39.0	36.0	41.0	32.0	41.0
58-59	36.955323206758656	39.0	35.5	40.5	31.5	41.0
60-61	36.59173924595598	38.5	35.0	40.0	31.0	41.0
62-63	36.22129327737147	38.0	35.0	40.0	30.5	41.0
64-65	35.84394702237273	37.5	35.0	40.0	30.0	41.0
66-67	35.38990389811579	37.0	34.0	40.0	29.0	41.0
68-69	34.92059435457722	36.5	34.0	39.0	29.0	41.0
70-71	34.447697878012754	36.0	34.0	39.0	28.0	40.0
72-73	34.018847723096876	35.0	33.0	38.5	28.0	40.0
74-75	33.50795970385849	35.0	33.0	37.5	26.5	39.5
76-77	32.39988674028173	34.5	31.5	36.0	26.0	39.0
78-79	32.99926707677342	35.0	33.0	37.0	27.0	39.0
80-81	32.80515050257593	35.0	33.0	36.0	27.0	38.5
82-83	32.3805627859639	35.0	33.0	36.0	26.0	37.0
84-85	31.907763131822602	35.0	32.0	35.0	25.0	37.0
86-87	31.44231635263177	35.0	32.0	35.0	24.5	36.5
88-89	30.93462572504233	34.0	32.0	35.0	21.5	36.0
90	30.533011942933314	34.0	31.0	35.0	18.0	36.0
>>END_MODULE
>>Per tile sequence quality	fail
#Tile	Base	Mean
0	1	15.642654848464474
0	2	15.425653401203597
0	3	15.367680220669556
0	4	12.12220195346164
0	5	12.181614291573865
0	6	12.181070902137144
0	7	12.197187964859019
0	8	12.204060358474699
0	9	10.434092139335
0	10-11	10.469412553982885
0	12-13	10.50497851815529
0	14-15	9.025523980735287
0	16-17	9.054034978058851
0	18-19	9.116036064025757
0	20-21	9.189932252405661
0	22-23	9.280162523847743
0	24-25	9.394043043707939
0	26-27	9.540133174740859
0	28-29	9.698915108358584
0	30-31	9.778055844152846
0	32-33	9.710074467375655
0	34-35	9.605116019099839
0	36-37	9.58240837163752
0	38-39	9.639454609390462
0	40-41	9.747351309073245
0	42-43	9.85763761732548
0	44-45	9.98569450140183
0	46-47	10.127670591356214
0	48-49	10.327297952272069
0	50-51	10.579840173784326
0	52-53	10.77243208866701
0	54-55	11.044682063546901
0	56-57	11.31318173582548
0	58-59	11.660310214890686
0	60-61	12.021594879941603
0	62-63	12.372199343528976
0	64-65	12.74092896870016
0	66-67	13.17833595607351
0	68-69	13.63465637274225
0	70-71	14.088209998276383
0	72-73	14.515389436691265
0	74-75	14.965266047015596
0	76-77	16.069360349576677
0	78-79	15.481923126712509
0	80-81	15.670864415680505
0	82-83	16.10934168879016
0	84-85	16.57183995107681
0	86-87	17.001158456983283
0	88-89	17.49471341278209
0	90	17.897127921845087
1101	1	-0.1792499134402874
1101	2	-0.27815612260592815
1101	3	-0.25708168409234844
1101	4	-0.26065518939550003
1101	5	-0.17648094652137303
1101	6	-0.16845290738666563
1101	7	-0.16471679704574171
1101	8	-0.17593964152530361
1101	9	-0.08876500352214123
1101	10-11	-0.050111255540926436
1101	12-13	-0.1088310056542312
1101	14-15	0.002666837878145145
1101	16-17	0.019749263773135795
1101	18-19	0.011274159263855665
1101	20-21	0.0856465381199456
1101	22-23	0.06921014289536487
1101	24-25	0.05737637704127252
1101	26-27	0.041085555693243236
1101	28-29	-0.006799177355702568
1101	30-31	0.12853203462903195
1101	32-33	0.1619792292804192
1101	34-35	0.06654459052840878
1101	36-37	0.07336075258989894
1101	38-39	0.12754984748570308
1101	40-41	0.07830369002562776
1101	42-43	0.04144714113500214
1101	44-45	-0.05382930812198339
1101	46-47	0.0876705913562148
1101	48-49	0.02063128560540406
1101	50-51	-0.01396935002519939
1101	52-53	-0.029472673237755487
1101	54-55	-0.01055603169119479
1101	56-57	0.06365792630167277
1101	58-59	0.25221497679544314
1101	60-61	0.22778535613207396
1101	62-63	0.0864850578146843
1101	64-65	0.034262302033496894
1101	66-67	-0.11785452011696407
1101	68-69	-0.16629600821013213
1101	70-71	-0.24607571600932943
1101	72-73	-0.46603913473730074
1101	74-75	-0.18330538155583298
1101	76-77	-0.4020682218518985
1101	78-79	-0.479981635192253
1101	80-81	-0.3638974890814026
1101	82-83	-0.3735154540669825
1101	84-85	-0.47006481082795304
1101	86-87	-0.493127257302433
1101	88-89	-0.6562389681702925
1101	90	-0.571443506726343
1102	1	-0.22147558631813524
1102	2	-0.2672813814050983
1102	3	-0.33521833005508483
1102	4	-0.2645734088572027
1102	5	-0.23867556349859598
1102	6	-0.2763566340947392
1102	7	-0.24665261485112921
1102	8	-0.20264254007602744
1102	9	-0.1447122084910859
1102	10-11	-0.11482657645189676
1102	12-13	-0.11005771372876438
1102	14-15	0.004690647401957904
1102	16-17	-0.1099142973034617
1102	18-19	-0.06376466061193042
1102	20-21	-0.13977789252187733
1102	22-23	-0.15597878050008518
1102	24-25	-0.054326521509452164
1102	26-27	-0.19220378178087572
1102	28-29	-0.18242547135155718
1102	30-31	-0.20337531526744357
1102	32-33	-0.19391103987072
1102	34-35	-0.08464847365378603
1102	36-37	-0.10554452691320648
1102	38-39	-0.025853361624029958
1102	40-41	-0.18788419817312985
1102	42-43	-0.21618484644262992
1102	44-45	-0.31774752758367697
1102	46-47	-0.16807216226697363
1102	48-49	-0.2524121926554699
1102	50-51	-0.2122793914330643
1102	52-53	-0.2710461722025528
1102	54-55	-0.20894112485889593
1102	56-57	-0.28555014823248825
1102	58-59	-0.4388745677180097
1102	60-61	-0.540452221507671
1102	62-63	-0.5317861637173991
1102	64-65	-0.4583463936186831
1102	66-67	-0.6830770874047474
1102	68-69	-0.7457784098664462
1102	70-71	-0.6355218857815856
1102	72-73	-1.008614186497141
1102	74-75	-0.9323788805206377
1102	76-77	-0.8545526939015815
1102	78-79	-0.930667452997632
1102	80-81	-1.1072152944644174
1102	82-83	-1.0926510648330279
1102	84-85	-1.1201890344304353
1102	86-87	-1.3425915430167166
1102	88-89	-1.3671525292468942
1102	90	-1.3619300491694055
1103	1	-0.2398516789506715
1103	2	-0.23753197738648169
1103	3	-0.2276200404270483
1103	4	-0.21809395602486603
1103	5	-0.2657312262677394
1103	6	-0.22188819272795968
1103	7	-0.2484169089442858
1103	8	-0.20673163456272192
1103	9	-0.10898880061277794
1103	10-11	-0.19116185854975498
1103	12-13	-0.14689267418587093
1103	14-15	0.014644955495946022
1103	16-17	0.04272079180994126
1103	18-19	0.009421616680235445
1103	20-21	0.02239526371985079
1103	22-23	0.05300847685035848
1103	24-25	-0.028063135578392462
1103	26-27	0.05275284401849234
1103	28-29	0.005268459098353162
1103	30-31	0.09137177104580019
1103	32-33	-0.061901163607807064
1103	34-35	-0.10463158751461066
1103	36-37	-0.07033314272279512
1103	38-39	-0.10858716606645658
1103	40-41	-0.08859299031752954
1103	42-43	0.01299009774323423
1103	44-45	0.07446734735483318
1103	46-47	-0.07772540516249649
1103	48-49	-0.04868115999946809
1103	50-51	0.017612149415306533
1103	52-53	0.08922930363655013
1103	54-55	0.12040007921270046
1103	56-57	0.05034448604305908
1103	58-59	0.17336504517788853
1103	60-61	0.0933964465212398
1103	62-63	0.1672385080198353
1103	64-65	0.030311040066564487
1103	66-67	-0.10495386115886163
1103	68-69	-0.1773540711219752
1103	70-71	-0.12327825237635892
1103	72-73	-0.07338340926173714
1103	74-75	-3.562332280964142E-4
1103	76-77	-0.11949952857823831
1103	78-79	-0.44105337459297544
1103	80-81	-0.12373958780077743
1103	82-83	-0.33278189693655946
1103	84-85	-0.3124072203766275
1103	86-87	-0.4827405856624942
1103	88-89	-0.49832401106473156
1103	90	-0.5911227308964264
1104	1	-0.3215714410529955
1104	2	-0.28732496818076214
1104	3	-0.22217002891446924
1104	4	-0.22139205652172222
1104	5	-0.24683828746107395
1104	6	-0.19247319104088945
1104	7	-0.2545591233273399
1104	8	-0.2759729193955138
1104	9	-0.2114985428613423
1104	10-11	-0.14830791190730253
1104	12-13	-0.12938088284304428
1104	14-15	-0.14627302425638788
1104	16-17	-0.07034106187459344
1104	18-19	-0.08030337025045498
1104	20-21	-0.130367248426289
1104	22-23	-0.10128506350666555
1104	24-25	-0.19955096627542446
1104	26-27	-0.10545750745548332
1104	28-29	-0.1101531112753591
1104	30-31	-0.1008959029353349
1104	32-33	-0.07528326972917654
1104	34-35	-0.008028739635605575
1104	36-37	-0.035728067630365956
1104	38-39	-0.10721760358790533
1104	40-41	-0.03301474749913069
1104	42-43	-0.01965023625189133
1104	44-45	-0.03760000774958172
1104	46-47	-0.028735398660423073
1104	48-49	-0.10656228067302465
1104	50-51	-0.0919568312073551
1104	52-53	-0.14686907605844368
1104	54-55	-0.04225637239319724
1104	56-57	-0.27292475335921296
1104	58-59	-0.20449843735556783
1104	60-61	-0.1572736724710424
1104	62-63	-0.050013634840411214
1104	64-65	-0.13635888487721104
1104	66-67	-0.16026637337740368
1104	68-69	-0.16526043258220824
1104	70-71	-0.39140730621612363
1104	72-73	-0.19925282620390306
1104	74-75	-0.4690101593071958
1104	76-77	-0.5271454740506059
1104	78-79	-0.7260635621394087
1104	80-81	-0.5878710252512747
1104	82-83	-0.5919894260184932
1104	84-85	-0.7010385846968994
1104	86-87	-0.8178931237155496
1104	88-89	-0.8680153725756483
1104	90	-0.7492947071066602
1105	1	-0.4845311610744787
1105	2	-0.47259779116524214
1105	3	-0.5130828953876758
1105	4	-0.3690540083825553
1105	5	-0.3684651996820989
1105	6	-0.3698035016784331
1105	7	-0.4339726074780259
1105	8	-0.3515835206985898
1105	9	-0.33458830581603394
1105	10-11	-0.34934738242411356
1105	12-13	-0.28436965354582355
1105	14-15	-0.29244104311209185
1105	16-17	-0.3386518263926561
1105	18-19	-0.3585267340664515
1105	20-21	-0.36014723885029554
1105	22-23	-0.4336689546896153
1105	24-25	-0.38934328379603755
1105	26-27	-0.41813391587917437
1105	28-29	-0.4982232064267933
1105	30-31	-0.45684081721439895
1105	32-33	-0.24898753580399813
1105	34-35	-0.42747539584451744
1105	36-37	-0.4183865409220999
1105	38-39	-0.4006884748702717
1105	40-41	-0.471647101101631
1105	42-43	-0.5370364685250735
1105	44-45	-0.6355296639399839
1105	46-47	-0.41922924966127795
1105	48-49	-0.43542064868182706
1105	50-51	-0.4360580774080418
1105	52-53	-0.553084604496739
1105	54-55	-0.5081796216677219
1105	56-57	-0.6140837649694291
1105	58-59	-0.8782430442508087
1105	60-61	-0.852411479358878
1105	62-63	-0.8611074927190359
1105	64-65	-1.0043015559421349
1105	66-67	-0.8141123746101115
1105	68-69	-1.080367474634535
1105	70-71	-0.9189442147601881
1105	72-73	-0.859411835168828
1105	74-75	-1.0804414251624692
1105	76-77	-1.119431383332703
1105	78-79	-0.9652151880728681
1105	80-81	-0.9515521185007358
1105	82-83	-0.9924071188410011
1105	84-85	-1.038255438430344
1105	86-87	-1.297331209153441
1105	88-89	-1.304571165914254
1105	90	-1.1911073722725618
1106	1	-0.4132947181233888
1106	2	-0.3765530605773293
1106	3	-0.3998532702681885
1106	4	-0.38764832234608093
1106	5	-0.3613329109478087
1106	6	-0.2917423366335399
1106	7	-0.2693210973947231
1106	8	-0.34834310882238384
1106	9	-0.2491229906886403
1106	10-11	-0.2890586832117563
1106	12-13	-0.3066842084010517
1106	14-15	-0.13917263076983488
1106	16-17	-0.1504567477094696
1106	18-19	-0.12706874290883974
1106	20-21	-0.19856262545091852
1106	22-23	-0.13630713730277222
1106	24-25	-0.1930333944323337
1106	26-27	-0.2652253752985416
1106	28-29	-0.27941428486442277
1106	30-31	-0.2613452590780412
1106	32-33	-0.20678920480716556
1106	34-35	-0.10016372873309365
1106	36-37	-0.03737098218439172
1106	38-39	-0.11625855057801715
1106	40-41	-0.07731378154929303
1106	42-43	-0.20737420300548592
1106	44-45	-0.150239304744737
1106	46-47	-0.3057415441835829
1106	48-49	-0.0832615433938102
1106	50-51	-0.2582212919367137
1106	52-53	-0.209049392814471
1106	54-55	-0.0880996543411996
1106	56-57	-0.24867799624701803
1106	58-59	-0.38933517518023564
1106	60-61	-0.2037794305390932
1106	62-63	-0.175870002412708
1106	64-65	-0.39224676022024596
1106	66-67	-0.5029091187885868
1106	68-69	-0.4658164404965177
1106	70-71	-0.5075346825746792
1106	72-73	-0.4306310518824148
1106	74-75	-0.5036070814320013
1106	76-77	-0.442459981392588
1106	78-79	-0.5539318772276047
1106	80-81	-0.5568739609940465
1106	82-83	-0.5376244262610683
1106	84-85	-0.5747321529421043
1106	86-87	-0.5476989110230193
1106	88-89	-0.7669099126710215
1106	90	-0.9074426061296954
1107	1	-0.4124456727566752
1107	2	-0.3226712451106266
1107	3	-0.33522372571912484
1107	4	-0.25828948361952087
1107	5	-0.23461802413722666
1107	6	-0.28728352824260384
1107	7	-0.2756340753494726
1107	8	-0.30301335708747246
1107	9	-0.25466437592933033
1107	10-11	-0.25359563663513285
1107	12-13	-0.21951887573897721
1107	14-15	-0.13084236327067345
1107	16-17	-0.09600225202305523
1107	18-19	-0.09543080120134562
1107	20-21	-0.10418539465316456
1107	22-23	-0.09846740913810947
1107	24-25	-0.0981386390917649
1107	26-27	-0.1076702504266791
1107	28-29	-0.27167312693553214
1107	30-31	-0.24204840007649153
1107	32-33	-0.16743856315300576
1107	34-35	-0.28058762944819193
1107	36-37	-0.06800115926344574
1107	38-39	-0.1479616229252514
1107	40-41	-0.23217214587835855
1107	42-43	-0.21272723747719624
1107	44-45	-0.15726901311790442
1107	46-47	-0.2360673088671703
1107	48-49	-0.08223294869591058
1107	50-51	-0.01546883589549708
1107	52-53	-0.04476820917364677
1107	54-55	-0.07743260510537198
1107	56-57	-0.0029016595579918203
1107	58-59	-0.06418717900358217
1107	60-61	0.02829629468471495
1107	62-63	-0.044777573820240946
1107	64-65	-0.045370361158362016
1107	66-67	-0.22598273342760677
1107	68-69	0.0013726795181199236
1107	70-71	-0.11990615957915907
1107	72-73	-0.19868353426926433
1107	74-75	0.019621966598620588
1107	76-77	0.12036556178814095
1107	78-79	0.037395948752717345
1107	80-81	-0.027571920879438494
1107	82-83	0.08700363964645419
1107	84-85	0.18985931071939888
1107	86-87	0.00525376599296834
1107	88-89	-0.012360302780081156
1107	90	0.075087713356627
1108	1	-0.5336015244415719
1108	2	-0.5393866570629697
1108	3	-0.490295016038381
1108	4	-0.3599539096119173
1108	5	-0.33768650959146385
1108	6	-0.33822989902818534
1108	7	-0.3279394932618871
1108	8	-0.35602704137963315
1108	9	-0.302251633425378
1108	10-11	-0.3317527774082336
1108	12-13	-0.31840094287894516
1108	14-15	-0.1911548248000372
1108	16-17	-0.2544136745267309
1108	18-19	-0.24995082599609475
1108	20-21	-0.18880044970649834
1108	22-23	-0.21000499253973004
1108	24-25	-0.16786518644501314
1108	26-27	-0.13102487332906065
1108	28-29	-0.21987586032313544
1108	30-31	-0.2729274042084029
1108	32-33	-0.3245213082980527
1108	34-35	-0.2572292103247804
1108	36-37	-0.18306868590071446
1108	38-39	-0.22398311821332584
1108	40-41	-0.25883951394204985
1108	42-43	-0.2370455582025599
1108	44-45	-0.29471336458505704
1108	46-47	-0.2699987458615567
1108	48-49	-0.2200436354919546
1108	50-51	-0.2879675465361373
1108	52-53	-0.34592188074304175
1108	54-55	-0.3114723428624231
1108	56-57	-0.3335771862429837
1108	58-59	-0.323666478481492
1108	60-61	-0.32436287679547604
1108	62-63	-0.21993466958100782
1108	64-65	-0.20298945810246494
1108	66-67	-0.31474488879175055
1108	68-69	-0.3409445012562955
1108	70-71	-0.28032605416352396
1108	72-73	-0.37973073810844227
1108	74-75	-0.42366330476881586
1108	76-77	-0.3891247196148768
1108	78-79	-0.45107031829841304
1108	80-81	-0.48208532940325455
1108	82-83	-0.435814902615526
1108	84-85	-0.24971867965880534
1108	86-87	-0.2268094964034617
1108	88-89	-0.26785031627836275
1108	90	-0.4867031051032029
1109	1	-0.576994274342546
1109	2	-0.477504493533246
1109	3	-0.47442504248834183
1109	4	-0.36972787109976224
1109	5	-0.35663132246122586
1109	6	-0.33401681716109977
1109	7	-0.4126365965444876
1109	8	-0.3790975362621438
1109	9	-0.2943289132965816
1109	10-11	-0.263219024964485
1109	12-13	-0.3094074467569925
1109	14-15	-0.2969321596155936
1109	16-17	-0.2147369517657154
1109	18-19	-0.19799902369354072
1109	20-21	-0.32866423882240525
1109	22-23	-0.34018835334524056
1109	24-25	-0.2996411668183754
1109	26-27	-0.31951594806615446
1109	28-29	-0.34459366357123855
1109	30-31	-0.34650555935592564
1109	32-33	-0.19062728701030807
1109	34-35	-0.2755857352861284
1109	36-37	-0.25583724239756833
1109	38-39	-0.3159839871007719
1109	40-41	-0.2673855330320194
1109	42-43	-0.2079764177622394
1109	44-45	-0.25079672666834796
1109	46-47	-0.27724168934553717
1109	48-49	-0.3604213459735419
1109	50-51	-0.368931756040233
1109	52-53	-0.3973924727364988
1109	54-55	-0.47952846276889005
1109	56-57	-0.36506387820961095
1109	58-59	-0.3389880307233497
1109	60-61	-0.32051038321629477
1109	62-63	-0.31657258629558527
1109	64-65	-0.2801236628787862
1109	66-67	-0.4002605351545583
1109	68-69	-0.19867696059108653
1109	70-71	-0.2244215806709846
1109	72-73	-0.1614526685718971
1109	74-75	-0.08841816351071685
1109	76-77	-0.09941158024788166
1109	78-79	-0.048603189076963815
1109	80-81	-0.13404786502125177
1109	82-83	-0.1004828726133482
1109	84-85	-0.17517759278283762
1109	86-87	-0.23392926231496247
1109	88-89	-0.08072518370913784
1109	90	0.04519809728368429
1110	1	-0.530786885952871
1110	2	-0.5763791191216043
1110	3	-0.48868834301607933
1110	4	-0.3960907294651861
1110	5	-0.42610928566190864
1110	6	-0.42936270219890105
1110	7	-0.28316433866401525
1110	8	-0.33794506157950366
1110	9	-0.2800000015864086
1110	10-11	-0.2778774189168445
1110	12-13	-0.34630874471734074
1110	14-15	-0.28612913579587484
1110	16-17	-0.25897315202244897
1110	18-19	-0.20577965413142607
1110	20-21	-0.22910568797373543
1110	22-23	-0.21136864146391332
1110	24-25	-0.2455233519560167
1110	26-27	-0.23899961658705138
1110	28-29	-0.20962147700726774
1110	30-31	-0.26564334283902724
1110	32-33	-0.29060303939940724
1110	34-35	-0.2265235472958267
1110	36-37	-0.36101981264432226
1110	38-39	-0.25688685402416667
1110	40-41	-0.258746251902366
1110	42-43	-0.15692877833847518
1110	44-45	-0.2565141706848877
1110	46-47	-0.3885895712454115
1110	48-49	-0.3834066547739994
1110	50-51	-0.31209749559236855
1110	52-53	-0.39897712542512664
1110	54-55	-0.3940035733094618
1110	56-57	-0.3168995649875228
1110	58-59	-0.3637412756242213
1110	60-61	-0.49432652927248455
1110	62-63	-0.40151339359839255
1110	64-65	-0.42167265731609405
1110	66-67	-0.5299973772598179
1110	68-69	-0.5211701855233386
1110	70-71	-0.48021818600545885
1110	72-73	-0.4276999942030386
1110	74-75	-0.5008586142310136
1110	76-77	-0.43876973172413614
1110	78-79	-0.4886053285720422
1110	80-81	-0.5090136330999826
1110	82-83	-0.40420844671120193
1110	84-85	-0.42375625488524804
1110	86-87	-0.37214777607904637
1110	88-89	-0.4361808961609981
1110	90	-0.3406769562036942
1111	1	-0.5482302241907462
1111	2	-0.5115989105533387
1111	3	-0.5061639008628092
1111	4	-0.40884163966914144
1111	5	-0.36660235307606825
1111	6	-0.35393570288267284
1111	7	-0.3767882570696486
1111	8	-0.42143501801142946
1111	9	-0.33935568100846325
1111	10-11	-0.3638106956868654
1111	12-13	-0.382075643007191
1111	14-15	-0.35228315268611254
1111	16-17	-0.3059386018618824
1111	18-19	-0.3215464987219292
1111	20-21	-0.3031324767885266
1111	22-23	-0.2564953361258375
1111	24-25	-0.27174295365005463
1111	26-27	-0.24751543820498512
1111	28-29	-0.21323812810112486
1111	30-31	-0.3124329273134663
1111	32-33	-0.2948792974856431
1111	34-35	-0.2657558435157483
1111	36-37	-0.2428888542541543
1111	38-39	-0.2215097235025354
1111	40-41	-0.2737847543349474
1111	42-43	-0.32367017659790065
1111	44-45	-0.1956132925215499
1111	46-47	-0.22404671379570118
1111	48-49	-0.17963731853374298
1111	50-51	-0.23455876941250153
1111	52-53	-0.27182154409388914
1111	54-55	-0.19441965375824566
1111	56-57	-0.12208906998693436
1111	58-59	-0.29048238748711697
1111	60-61	-0.32483840935826436
1111	62-63	-0.3153832192187167
1111	64-65	-0.24156772878993138
1111	66-67	-0.09907487615898702
1111	68-69	-0.08330928115471181
1111	70-71	-0.07856675205386665
1111	72-73	-0.1365260190551041
1111	74-75	-0.21670224888929113
1111	76-77	-0.3246290823916169
1111	78-79	-0.23703328015670877
1111	80-81	-0.32153981153217615
1111	82-83	-0.23312858862067287
1111	84-85	-0.33304776358633603
1111	86-87	-0.27129861038791603
1111	88-89	-0.12186518695370907
1111	90	0.10650704998247207
1112	1	-0.6700425615165742
1112	2	-0.5269682033447296
1112	3	-0.5066091033986666
1112	4	-0.39390670099192704
1112	5	-0.4463073761456542
1112	6	-0.3956820984945679
1112	7	-0.4553704684953743
1112	8	-0.45102492263711724
1112	9	-0.404189604189952
1112	10-11	-0.4500441737492693
1112	12-13	-0.3898414439419966
1112	14-15	-0.33739452842453943
1112	16-17	-0.39763905858043813
1112	18-19	-0.4613486485453109
1112	20-21	-0.4086148101338196
1112	22-23	-0.3291236416607859
1112	24-25	-0.32200243955169583
1112	26-27	-0.351212371689968
1112	28-29	-0.3990002422415486
1112	30-31	-0.44083234283388606
1112	32-33	-0.469015867431672
1112	34-35	-0.47195283750154715
1112	36-37	-0.4513882171180086
1112	38-39	-0.3362244809443453
1112	40-41	-0.4134193794927725
1112	42-43	-0.4282120352329528
1112	44-45	-0.3683800406070148
1112	46-47	-0.5236244181194607
1112	48-49	-0.3312617445062003
1112	50-51	-0.5603998767526335
1112	52-53	-0.4246620364119522
1112	54-55	-0.34413663512650317
1112	56-57	-0.38328067731412574
1112	58-59	-0.42718188871006646
1112	60-61	-0.4259730290918782
1112	62-63	-0.42123085230172563
1112	64-65	-0.5272327495563118
1112	66-67	-0.3330348588348926
1112	68-69	-0.34639226907707865
1112	70-71	-0.3536725033028958
1112	72-73	-0.4369163118873871
1112	74-75	-0.4248160755365191
1112	76-77	-0.39400035794069055
1112	78-79	-0.36078060038793325
1112	80-81	-0.584347207819178
1112	82-83	-0.6521870541030808
1112	84-85	-0.40036472359153663
1112	86-87	-0.3863968178114092
1112	88-89	-0.30219119871506805
1112	90	-0.4370476940740531
1113	1	-0.6185951515355228
1113	2	-0.5424715987964035
1113	3	-0.5079447793304439
1113	4	-0.41154804653835697
1113	5	-0.39026070842613336
1113	6	-0.426429097862858
1113	7	-0.50718703514098
1113	8	-0.44468964152530077
1113	9	-0.40715786066500215
1113	10-11	-0.4258999460171182
1113	12-13	-0.4925214818447117
1113	14-15	-0.43666351926471236
1113	16-17	-0.3669025219411495
1113	18-19	-0.33771393597424293
1113	20-21	-0.3697552475943411
1113	22-23	-0.31764997615226065
1113	24-25	-0.41220695629206716
1113	26-27	-0.38236682525914034
1113	28-29	-0.2513973916414187
1113	30-31	-0.26538165584715045
1113	32-33	-0.345550532624344
1113	34-35	-0.12332148090015949
1113	36-37	-0.2657166283624761
1113	38-39	-0.250857890609538
1113	40-41	-0.356086190926753
1113	42-43	-0.3467373826745188
1113	44-45	-0.17274299859817432
1113	46-47	-0.14232940864378207
1113	48-49	-0.3098895477279271
1113	50-51	-0.28609732621567474
1113	52-53	-0.11319291133299458
1113	54-55	-0.24313043645310017
1113	56-57	-0.2727557641745193
1113	58-59	-0.30812728510931464
1113	60-61	-0.4268426200583946
1113	62-63	-0.4653006564710225
1113	64-65	-0.3571960312998357
1113	66-67	-0.4972890439264859
1113	68-69	-0.43190612725775424
1113	70-71	-0.26054000172361214
1113	72-73	-0.21898556330873475
1113	74-75	-0.30129645298440266
1113	76-77	-0.35282715042332313
1113	78-79	-0.5677643732874884
1113	80-81	-0.4491355843194924
1113	82-83	-0.46128331120984
1113	84-85	-0.39503504892319086
1113	86-87	-0.416341543016717
1113	88-89	-0.45028658721791004
1113	90	-0.3372470781549133
1114	1	-0.8303343472137996
1114	2	-0.7814294319296593
1114	3	-0.6605310638442532
1114	4	-0.5656731965983823
1114	5	-0.5578815067454599
1114	6	-0.604643383577141
1114	7	-0.5206991900029294
1114	8	-0.46220614812794025
1114	9	-0.46686824481866296
1114	10-11	-0.4603593547806213
1114	12-13	-0.5160298852060521
1114	14-15	-0.55010627136555
1114	16-17	-0.5804188034537532
1114	18-19	-0.5595341640654752
1114	20-21	-0.532156583128554
1114	22-23	-0.46353495514384946
1114	24-25	-0.5387300655357592
1114	26-27	-0.629434652389989
1114	28-29	-0.5471833310171661
1114	30-31	-0.49775447997680544
1114	32-33	-0.5282208507516017
1114	34-35	-0.5908623722567086
1114	36-37	-0.6276756619759212
1114	38-39	-0.7221900484726831
1114	40-41	-0.6941252815630108
1114	42-43	-0.5850394535028514
1114	44-45	-0.5098036978778779
1114	46-47	-0.5436979560627506
1114	48-49	-0.5778641125538613
1114	50-51	-0.712176632938359
1114	52-53	-0.6975559065310719
1114	54-55	-0.5951738788300531
1114	56-57	-0.6976225859032112
1114	58-59	-0.6815265198031923
1114	60-61	-0.7764243277414664
1114	62-63	-0.8901055784398153
1114	64-65	-0.9769581861617809
1114	66-67	-1.0251454364835126
1114	68-69	-0.9415741194546285
1114	70-71	-0.9285967244126923
1114	72-73	-0.827647778194688
1114	74-75	-0.8405562819159726
1114	76-77	-0.8871222434605386
1114	78-79	-0.7884850365527925
1114	80-81	-0.8096277811982517
1114	82-83	-0.73159468575966
1114	84-85	-0.6277398808559624
1114	86-87	-0.6047839199674954
1114	88-89	-0.8144102366776949
1114	90	-0.7799429064862444
1115	1	-0.7746585843713447
1115	2	-0.7277794346172968
1115	3	-0.6800809733602975
1115	4	-0.4407831211652251
1115	5	-0.43928123081419557
1115	6	-0.4696753665195743
1115	7	-0.48639412469321996
1115	8	-0.5565366564506746
1115	9	-0.43695263678440455
1115	10-11	-0.5437217743753209
1115	12-13	-0.5762155116954588
1115	14-15	-0.4759685565781524
1115	16-17	-0.4349202458217434
1115	18-19	-0.40814304045185423
1115	20-21	-0.42469461326597724
1115	22-23	-0.5162553866000152
1115	24-25	-0.43640471748609144
1115	26-27	-0.4903145864531666
1115	28-29	-0.5458610110444013
1115	30-31	-0.6977650513695437
1115	32-33	-0.5394777714303203
1115	34-35	-0.5160780107509098
1115	36-37	-0.4904274492580001
1115	38-39	-0.46920210702744924
1115	40-41	-0.48876809391182974
1115	42-43	-0.5916161140178033
1115	44-45	-0.565947289642942
1115	46-47	-0.45650851312139906
1115	48-49	-0.49986622683240967
1115	50-51	-0.45747325905148983
1115	52-53	-0.3911500008852258
1115	54-55	-0.5791985334680234
1115	56-57	-0.6566690104431814
1115	58-59	-0.5677494866018549
1115	60-61	-0.6124349708046637
1115	62-63	-0.6919797609486338
1115	64-65	-0.6972799865237249
1115	66-67	-0.721664043926495
1115	68-69	-0.6423585526308884
1115	70-71	-0.6099989569475
1115	72-73	-0.5034165334579868
1115	74-75	-0.6583160425366401
1115	76-77	-0.7649680086322803
1115	78-79	-0.9043455300039085
1115	80-81	-0.7067475246180024
1115	82-83	-0.7596135350904376
1115	84-85	-0.7096525862366221
1115	86-87	-0.7591400504794024
1115	88-89	-0.6226000200537314
1115	90	-0.5560064065131236
1116	1	-0.6847787798541134
1116	2	-0.6716917315397666
1116	3	-0.6753876259381144
1116	4	-0.5539042412286221
1116	5	-0.5959668293700844
1116	6	-0.5463627261814423
1116	7	-0.545584896497914
1116	8	-0.5859101430002269
1116	9	-0.5588282146472991
1116	10-11	-0.48574968790502027
1116	12-13	-0.532484608688371
1116	14-15	-0.7107592051054183
1116	16-17	-0.6881479127966088
1116	18-19	-0.6482707206350042
1116	20-21	-0.6431060956769343
1116	22-23	-0.6714598950313118
1116	24-25	-0.6159864548171328
1116	26-27	-0.5539671202443941
1116	28-29	-0.5075745671576399
1116	30-31	-0.5319736543722229
1116	32-33	-0.6418429367541378
1116	34-35	-0.5503412080388017
1116	36-37	-0.5807184720203011
1116	38-39	-0.5440262165682341
1116	40-41	-0.655303558183391
1116	42-43	-0.6105039755948738
1116	44-45	-0.5789072685096741
1116	46-47	-0.5965181992042616
1116	48-49	-0.5240294813562514
1116	50-51	-0.6800418321153785
1116	52-53	-0.5724056694450823
1116	54-55	-0.6455834231787634
1116	56-57	-0.6393256388057864
1116	58-59	-0.5815776907140346
1116	60-61	-0.6598210492619359
1116	62-63	-0.4602490340521399
1116	64-65	-0.67706513159483
1116	66-67	-0.6311035719500921
1116	68-69	-0.515196134632383
1116	70-71	-0.509725104968453
1116	72-73	-0.48579050431168724
1116	74-75	-0.5365038644888287
1116	76-77	-0.6465688539631458
1116	78-79	-0.466454454408435
1116	80-81	-0.39580225098615784
1116	82-83	-0.3705993141596977
1116	84-85	-0.6246202259143381
1116	86-87	-0.4401394781199599
1116	88-89	-0.35720399134770275
1116	90	-0.322341104703586
1201	1	-0.21738571948684182
1201	2	-0.30456972252865455
1201	3	-0.3087903675657415
1201	4	-0.2855059572888692
1201	5	-0.2037812459514896
1201	6	-0.2509777794044368
1201	7	-0.34540838402536167
1201	8	-0.27362726830014594
1201	9	-0.20586729271368398
1201	10-11	-0.09853876447552778
1201	12-13	-0.1238247272808124
1201	14-15	-0.0804597920841843
1201	16-17	-0.03825711119063868
1201	18-19	-0.10810186700872748
1201	20-21	-0.1371468550994095
1201	22-23	-0.10269751672020533
1201	24-25	-0.1576810942230935
1201	26-27	-0.092726865827089
1201	28-29	-0.04854939468400943
1201	30-31	-0.11748168120212199
1201	32-33	0.004699213825965387
1201	34-35	-0.1180077131516839
1201	36-37	-0.07022854519818367
1201	38-39	-0.06287804781035078
1201	40-41	0.02574887499616807
1201	42-43	-0.022686926285061304
1201	44-45	-0.04168886573813069
1201	46-47	-0.10458092994196022
1201	48-49	-0.09765133778878266
1201	50-51	-0.02360810207773767
1201	52-53	0.017868194143680682
1201	54-55	-0.09629156728473731
1201	56-57	-0.10416106336316489
1201	58-59	-0.048107635007895055
1201	60-61	-0.11227935940931388
1201	62-63	-0.1283077558625081
1201	64-65	-0.20683979397732344
1201	66-67	-0.415984530741909
1201	68-69	-0.23248358668980273
1201	70-71	-0.21249994087168744
1201	72-73	-0.26554362618905714
1201	74-75	-0.4627258393941389
1201	76-77	-0.469686303567336
1201	78-79	-0.32487200513333647
1201	80-81	-0.39455140582050774
1201	82-83	-0.47534390958711725
1201	84-85	-0.43931623553576316
1201	86-87	-0.5307888046800002
1201	88-89	-0.5676598123700387
1201	90	-0.7276185284591712
1202	1	-0.1928591702271163
1202	2	-0.19023444926369137
1202	3	-0.22671230269492781
1202	4	-0.26658309326732876
1202	5	-0.2931520635663247
1202	6	-0.26659264926472304
1202	7	-0.22804568000079684
1202	8	-0.23238823965613875
1202	9	-0.08086113169303388
1202	10-11	-0.09273697872739461
1202	12-13	-0.08754484633069382
1202	14-15	-0.016532094031063593
1202	16-17	-0.051105208857038065
1202	18-19	-0.13256206681536042
1202	20-21	-0.12408643918312379
1202	22-23	-0.12170663503076184
1202	24-25	-0.07698499367523937
1202	26-27	-0.013605143016150123
1202	28-29	-0.09127180752926733
1202	30-31	-0.09857966986584898
1202	32-33	-0.08478534570845397
1202	34-35	-0.1738559435169833
1202	36-37	-0.1147878900447239
1202	38-39	-0.16568557752543
1202	40-41	-0.19517205541273341
1202	42-43	-0.08722219575862766
1202	44-45	-0.11103447056078863
1202	46-47	-0.10924529649425807
1202	48-49	-0.09466466455035771
1202	50-51	-0.22857104116894078
1202	52-53	-0.39345576180027564
1202	54-55	-0.32494410467739954
1202	56-57	-0.3947621894081621
1202	58-59	-0.28034399071678706
1202	60-61	-0.383545306974284
1202	62-63	-0.4745296284336433
1202	64-65	-0.3955196294306802
1202	66-67	-0.6174584364498514
1202	68-69	-0.6017922253885928
1202	70-71	-0.7603881325647421
1202	72-73	-0.6089096287292932
1202	74-75	-0.7113694670030952
1202	76-77	-0.7231630149093036
1202	78-79	-0.801721733100571
1202	80-81	-0.9338084815157615
1202	82-83	-0.824770460742549
1202	84-85	-0.896384347988608
1202	86-87	-0.9273462159139143
1202	88-89	-0.8506136900216461
1202	90	-1.0897879660053817
1203	1	-0.21128780386527524
1203	2	-0.21950788911898655
1203	3	-0.2945061592587592
1203	4	-0.23084464152044148
1203	5	-0.22698785896376705
1203	6	-0.25441296883060005
1203	7	-0.23202350467503408
1203	8	-0.3299898207367704
1203	9	-0.18956377464349572
1203	10-11	-0.14080249978055548
1203	12-13	-0.15496771840384582
1203	14-15	-0.022415087365075692
1203	16-17	-0.06917290724580738
1203	18-19	-0.0922972693075721
1203	20-21	-0.014816851536984643
1203	22-23	-0.06929984174364989
1203	24-25	-0.126118246614638
1203	26-27	-0.09203528404050587
1203	28-29	-0.16981249020772538
1203	30-31	-0.21880795513030193
1203	32-33	-0.18195062223008307
1203	34-35	-0.18162233215463885
1203	36-37	-0.14563822334455523
1203	38-39	-0.20194324007190545
1203	40-41	-0.15049815329234661
1203	42-43	-0.13026560848096835
1203	44-45	-0.13751338390283507
1203	46-47	-0.16310001796278328
1203	48-49	-0.1184905781938781
1203	50-51	-0.0778659194056388
1203	52-53	-0.2136790224441043
1203	54-55	-0.3110527034781896
1203	56-57	-0.2737358268985304
1203	58-59	-0.3652274195179217
1203	60-61	-0.07069902686843221
1203	62-63	-0.1963490435677997
1203	64-65	-0.12779862986614887
1203	66-67	-0.16575006543186532
1203	68-69	-0.3631034838885725
1203	70-71	-0.30291903398168074
1203	72-73	-0.268212713846367
1203	74-75	-0.33715330782310815
1203	76-77	-0.3365536289179474
1203	78-79	-0.3290087729290647
1203	80-81	-0.4805692760757694
1203	82-83	-0.3821457664069712
1203	84-85	-0.5392711600342999
1203	86-87	-0.4446300734826636
1203	88-89	-0.3829747592609216
1203	90	-0.25161759786817584
1204	1	-0.34099403277476625
1204	2	-0.37555141807351333
1204	3	-0.3672595383665893
1204	4	-0.3545622461941278
1204	5	-0.31064044164472193
1204	6	-0.2905297863310139
1204	7	-0.22966229331654375
1204	8	-0.2580738928161779
1204	9	-0.2233949518870304
1204	10-11	-0.23067350453690239
1204	12-13	-0.2247977296932433
1204	14-15	-0.0755947800220298
1204	16-17	-0.14260873966919974
1204	18-19	-0.1899019738399872
1204	20-21	-0.18054967530517985
1204	22-23	-0.32827121109201585
1204	24-25	-0.23891736937295605
1204	26-27	-0.19351570649838834
1204	28-29	-0.3596046851009689
1204	30-31	-0.20387186669052682
1204	32-33	-0.2740047064625557
1204	34-35	-0.22319723391220947
1204	36-37	-0.23772932199414498
1204	38-39	-0.1174300721930166
1204	40-41	-0.1945591900661654
1204	42-43	-0.22067563568656823
1204	44-45	-0.23375472407149545
1204	46-47	-0.47732080279180167
1204	48-49	-0.3254559203613283
1204	50-51	-0.40036636666317804
1204	52-53	-0.3592374466169801
1204	54-55	-0.36624736846686545
1204	56-57	-0.29439141391634394
1204	58-59	-0.24932833932618337
1204	60-61	-0.18580615276063384
1204	62-63	-0.3386440299649962
1204	64-65	-0.4798111345700633
1204	66-67	-0.3586692074376714
1204	68-69	-0.3748100644350316
1204	70-71	-0.5494836333931516
1204	72-73	-0.5534573791435022
1204	74-75	-0.6616702696797532
1204	76-77	-0.5502609929362379
1204	78-79	-0.493550195146355
1204	80-81	-0.44445400084273246
1204	82-83	-0.4775774162012354
1204	84-85	-0.40664541897482565
1204	86-87	-0.30865221427317024
1204	88-89	-0.43643977138314227
1204	90	-0.526279995538733
1205	1	-0.3656993704160598
1205	2	-0.3738453456635682
1205	3	-0.43599563563788024
1205	4	-0.32809044419917655
1205	5	-0.3388535446834453
1205	6	-0.30180294915776074
1205	7	-0.3917844662186738
1205	8	-0.38491207260299376
1205	9	-0.24761212131662802
1205	10-11	-0.2966693173621451
1205	12-13	-0.2548376890293369
1205	14-15	-0.17623040522963151
1205	16-17	-0.12349217315251337
1205	18-19	-0.20351280815469153
1205	20-21	-0.24991737165449024
1205	22-23	-0.1985342180068912
1205	24-25	-0.22500457533968188
1205	26-27	-0.15076072667935847
1205	28-29	-0.252212711190289
1205	30-31	-0.12837690438516347
1205	32-33	-0.1215880221815695
1205	34-35	-0.15637103186089973
1205	36-37	-0.1836734997075098
1205	38-39	-0.1349814808351013
1205	40-41	-0.15532204096852098
1205	42-43	-0.20000649295020878
1205	44-45	-0.22274325966751007
1205	46-47	-0.1317279048843858
1205	48-49	-0.3648490819802319
1205	50-51	-0.3382884811864315
1205	52-53	-0.23759297398962786
1205	54-55	-0.45197624890088406
1205	56-57	-0.3543203527292391
1205	58-59	-0.42657366146687536
1205	60-61	-0.3635346104510404
1205	62-63	-0.3972242153682686
1205	64-65	-0.40401672887711726
1205	66-67	-0.30746187182958096
1205	68-69	-0.25632107086676825
1205	70-71	-0.41513168927583166
1205	72-73	-0.7498570127657089
1205	74-75	-0.6136813214054584
1205	76-77	-0.46155026028130663
1205	78-79	-0.3150693544904968
1205	80-81	-0.43189247655006824
1205	82-83	-0.5899064315105917
1205	84-85	-0.6328384114962873
1205	86-87	-0.5970036148629987
1205	88-89	-0.5307669548035392
1205	90	-0.6342003989569172
1206	1	-0.42417683470384304
1206	2	-0.40767993212973863
1206	3	-0.42274882223473753
1206	4	-0.31261652838654186
1206	5	-0.3530391737726717
1206	6	-0.3857607810311734
1206	7	-0.2929110450419685
1206	8	-0.2901640639675449
1206	9	-0.2664029101699512
1206	10-11	-0.25335972324483436
1206	12-13	-0.26028550824734964
1206	14-15	-0.21622519418220065
1206	16-17	-0.25537096253520986
1206	18-19	-0.2593764772283649
1206	20-21	-0.22590933175275296
1206	22-23	-0.1950850009047329
1206	24-25	-0.2074421048069155
1206	26-27	-0.2449328318597992
1206	28-29	-0.15009479263151349
1206	30-31	-0.3180662680583737
1206	32-33	-0.24165820589167453
1206	34-35	-0.2954615386559354
1206	36-37	-0.3899513643360777
1206	38-39	-0.24255859192967222
1206	40-41	-0.12888631468913303
1206	42-43	-0.2657122176580202
1206	44-45	-0.24244081212952295
1206	46-47	-0.24939211491441426
1206	48-49	-0.29316409393255327
1206	50-51	-0.2279156017932351
1206	52-53	-0.2098286374056002
1206	54-55	-0.1875786625257092
1206	56-57	-0.22683476582468387
1206	58-59	-0.3128746035911618
1206	60-61	-0.25274505405180037
1206	62-63	-0.5539557719825723
1206	64-65	-0.42821294549125355
1206	66-67	-0.41778615613770853
1206	68-69	-0.3702941223072571
1206	70-71	-0.5656678895123974
1206	72-73	-0.6488019824506495
1206	74-75	-0.6023907186609705
1206	76-77	-0.5428508715454328
1206	78-79	-0.39142670827099124
1206	80-81	-0.6142015909201533
1206	82-83	-0.646021347513468
1206	84-85	-0.5940016330816036
1206	86-87	-0.5784620050629208
1206	88-89	-0.6946430228614737
1206	90	-0.828119602907389
1207	1	-0.3470927856049286
1207	2	-0.38901536851248864
1207	3	-0.43594753958281274
1207	4	-0.2618674471692728
1207	5	-0.3049787683630427
1207	6	-0.2952697918691669
1207	7	-0.26574578908419966
1207	8	-0.2848986320615765
1207	9	-0.3103873559331376
1207	10-11	-0.3014864996448736
1207	12-13	-0.29864924209707766
1207	14-15	-0.2832299624823804
1207	16-17	-0.30992401247742407
1207	18-19	-0.30036772146320345
1207	20-21	-0.2248942460170511
1207	22-23	-0.196966813691688
1207	24-25	-0.2029601108661936
1207	26-27	-0.22524537415503687
1207	28-29	-0.23878205252469797
1207	30-31	-0.24639210537397105
1207	32-33	-0.3656353118041551
1207	34-35	-0.3041899745910115
1207	36-37	-0.22358531921421587
1207	38-39	-0.3041573779912383
1207	40-41	-0.1761502682138243
1207	42-43	-0.16720465396789308
1207	44-45	-0.19451054591677774
1207	46-47	-0.1814776736280166
1207	48-49	-0.2279070950465396
1207	50-51	-0.15280966848696664
1207	52-53	-0.23387705959797955
1207	54-55	-0.26604348850356985
1207	56-57	-0.1789318288432895
1207	58-59	-0.23322290813770508
1207	60-61	-0.35025054592590266
1207	62-63	-0.26187005710193745
1207	64-65	-0.30481235622097813
1207	66-67	-0.2092823404564541
1207	68-69	-0.29160545691075157
1207	70-71	-0.3088720206510658
1207	72-73	-0.3016452636241951
1207	74-75	-0.2480620286941857
1207	76-77	-0.16526110152742746
1207	78-79	-0.12612103732534763
1207	80-81	-0.07203779252139242
1207	82-83	-0.10162045632025496
1207	84-85	-0.30552597952255667
1207	86-87	-0.32888886162870534
1207	88-89	-0.2663275966816343
1207	90	-0.45618438099403136
1208	1	-0.47789101961740954
1208	2	-0.5394716935651687
1208	3	-0.539067315342578
1208	4	-0.4304894794420733
1208	5	-0.3976123953101407
1208	6	-0.4019465353154743
1208	7	-0.37521537100148095
1208	8	-0.34711477420157166
1208	9	-0.3657562306422548
1208	10-11	-0.3406708425296259
1208	12-13	-0.3426333089864855
1208	14-15	-0.2894873915164169
1208	16-17	-0.31670042755146
1208	18-19	-0.20466143407886506
1208	20-21	-0.2732974670787982
1208	22-23	-0.27594058456772075
1208	24-25	-0.3569046439342145
1208	26-27	-0.22711474034633028
1208	28-29	-0.28630096442382325
1208	30-31	-0.20261132794723125
1208	32-33	-0.23761317477749344
1208	34-35	-0.31035024322009974
1208	36-37	-0.3516325684686237
1208	38-39	-0.30027245656859947
1208	40-41	-0.27918394490703946
1208	42-43	-0.26252917569954093
1208	44-45	-0.3452380232380463
1208	46-47	-0.2805932448833559
1208	48-49	-0.2750523130804723
1208	50-51	-0.26019015222022546
1208	52-53	-0.36289770663245946
1208	54-55	-0.2593361320558287
1208	56-57	-0.16293653559225874
1208	58-59	-0.26311662362333976
1208	60-61	-0.2627114127043413
1208	62-63	-0.18579914017080057
1208	64-65	-0.2132029494196246
1208	66-67	-0.0688209810000302
1208	68-69	-0.17391072354281079
1208	70-71	-0.15743063856971418
1208	72-73	-0.11349608264156075
1208	74-75	-0.1514890704976679
1208	76-77	-0.0799952228266605
1208	78-79	0.0069420804653503865
1208	80-81	-0.05278986786763795
1208	82-83	-0.11620797004228933
1208	84-85	-0.1794868116222048
1208	86-87	-0.053049276147874025
1208	88-89	0.0015367638055963084
1208	90	0.05482314549936973
1209	1	-0.48502042828829417
1209	2	-0.5765606209366254
1209	3	-0.5747552036846884
1209	4	-0.3619308878667695
1209	5	-0.43609788554790896
1209	6	-0.5060139687115637
1209	7	-0.47070871410777215
1209	8	-0.4549802319312022
1209	9	-0.47439494553584893
1209	10-11	-0.4420265604082587
1209	12-13	-0.3544310759406528
1209	14-15	-0.40252029970751835
1209	16-17	-0.32603882267915196
1209	18-19	-0.33562445257940965
1209	20-21	-0.29456959261278826
1209	22-23	-0.3036013137906295
1209	24-25	-0.24507134743596737
1209	26-27	-0.31411036769456757
1209	28-29	-0.35828046359713284
1209	30-31	-0.3861507979135723
1209	32-33	-0.3179698130671511
1209	34-35	-0.3251422834831885
1209	36-37	-0.418329635742559
1209	38-39	-0.3871136562921933
1209	40-41	-0.36261179055775017
1209	42-43	-0.3951299103497945
1209	44-45	-0.45268188236200757
1209	46-47	-0.3907795931456306
1209	48-49	-0.5302666233736844
1209	50-51	-0.4563221878392838
1209	52-53	-0.4157597932518087
1209	54-55	-0.45052088848262173
1209	56-57	-0.5111725077169567
1209	58-59	-0.4145975341868038
1209	60-61	-0.5020213562207587
1209	62-63	-0.4193135716001706
1209	64-65	-0.48231826377216436
1209	66-67	-0.368158508871133
1209	68-69	-0.5103620774422524
1209	70-71	-0.3066239500630985
1209	72-73	-0.35029322013529907
1209	74-75	-0.48159742161909236
1209	76-77	-0.5804551485783023
1209	78-79	-0.45497724229118575
1209	80-81	-0.27083300129366705
1209	82-83	-0.3389977946046727
1209	84-85	-0.34808624818518297
1209	86-87	-0.26452419984328657
1209	88-89	-0.3075006093581294
1209	90	-0.4630196796309285
1210	1	-0.6064529316925586
1210	2	-0.6164593753845509
1210	3	-0.685852969908602
1210	4	-0.46523559114935154
1210	5	-0.5143171859421969
1210	6	-0.4249248152076106
1210	7	-0.46519604656139535
1210	8	-0.49758132603636795
1210	9	-0.36676439171424846
1210	10-11	-0.4345845909136159
1210	12-13	-0.4664704468696925
1210	14-15	-0.4419992169806335
1210	16-17	-0.4948586693358692
1210	18-19	-0.4071616518914496
1210	20-21	-0.40785504238377257
1210	22-23	-0.45930928200522203
1210	24-25	-0.3282981411600119
1210	26-27	-0.41953848835692753
1210	28-29	-0.41421836772992293
1210	30-31	-0.4521368753332382
1210	32-33	-0.43981846624318877
1210	34-35	-0.4805370858252189
1210	36-37	-0.4507822065209339
1210	38-39	-0.3801742271548605
1210	40-41	-0.39469008992747234
1210	42-43	-0.4921125611184891
1210	44-45	-0.4957473258644072
1210	46-47	-0.41551284904350183
1210	48-49	-0.4564279577921724
1210	50-51	-0.41266517953473425
1210	52-53	-0.4463402168290642
1210	54-55	-0.390007443947745
1210	56-57	-0.4152265439746614
1210	58-59	-0.38394388932059087
1210	60-61	-0.38275915289208484
1210	62-63	-0.3390783152861587
1210	64-65	-0.3775578264461643
1210	66-67	-0.25992243079301147
1210	68-69	-0.500604155451903
1210	70-71	-0.30293918088136707
1210	72-73	-0.3307918623808206
1210	74-75	-0.2535062584804777
1210	76-77	-0.2714676304375985
1210	78-79	-0.302873447163293
1210	80-81	-0.23027762571849308
1210	82-83	-0.21399878230192115
1210	84-85	-0.4592092994585215
1210	86-87	-0.4970571033307749
1210	88-89	-0.4278419048481723
1210	90	-0.3505523065631948
1211	1	-0.5317076601502748
1211	2	-0.4916450136826853
1211	3	-0.518605099799089
1211	4	-0.44774980394704045
1211	5	-0.37248632868802645
1211	6	-0.4102454314259134
1211	7	-0.3727637925496623
1211	8	-0.391391054344048
1211	9	-0.3874102727945683
1211	10-11	-0.3655288657276614
1211	12-13	-0.33651011037675715
1211	14-15	-0.3197551371144698
1211	16-17	-0.32673690340220674
1211	18-19	-0.42324718890325386
1211	20-21	-0.34556051120564035
1211	22-23	-0.33079543617982665
1211	24-25	-0.33442008516870203
1211	26-27	-0.40783374462509414
1211	28-29	-0.3379560150046146
1211	30-31	-0.45729908348326376
1211	32-33	-0.40295103227975204
1211	34-35	-0.33664828138258684
1211	36-37	-0.48513125620534936
1211	38-39	-0.5648872238280092
1211	40-41	-0.4242544800377104
1211	42-43	-0.3749605908068432
1211	44-45	-0.4195432656553706
1211	46-47	-0.3671605595741809
1211	48-49	-0.502474618368872
1211	50-51	-0.442902762121939
1211	52-53	-0.40503172938949916
1211	54-55	-0.4325750005468336
1211	56-57	-0.25366871214144027
1211	58-59	-0.19220529165652067
1211	60-61	-0.341258324744814
1211	62-63	-0.4386207805234008
1211	64-65	-0.3610696529400883
1211	66-67	-0.383001052885831
1211	68-69	-0.31537808625154895
1211	70-71	-0.3666487198490529
1211	72-73	-0.3746863730950878
1211	74-75	-0.3700199626329166
1211	76-77	-0.4468353775080942
1211	78-79	-0.36749107039293705
1211	80-81	-0.4183843782547143
1211	82-83	-0.4182255062477438
1211	84-85	-0.40403875326502714
1211	86-87	-0.21421025425034657
1211	88-89	-0.33781587736263674
1211	90	-0.46331315327552147
1212	1	-0.5953779384207749
1212	2	-0.5625433201078778
1212	3	-0.5923197793304453
1212	4	-0.4941914891613095
1212	5	-0.4039594789179404
1212	6	-0.45499467163335083
1212	7	-0.4611726908786835
1212	8	-0.4687265267711993
1212	9	-0.42557999181254047
1212	10-11	-0.46173498700071747
1212	12-13	-0.4274804982381539
1212	14-15	-0.4443120848384865
1212	16-17	-0.4656371530886929
1212	18-19	-0.37904590318735387
1212	20-21	-0.48252676398778505
1212	22-23	-0.4706571482834008
1212	24-25	-0.5203831858002559
1212	26-27	-0.5677356777181615
1212	28-29	-0.5551832522971551
1212	30-31	-0.513091696830763
1212	32-33	-0.5545156965587736
1212	34-35	-0.5302938169657381
1212	36-37	-0.49988671032969734
1212	38-39	-0.4762830955275703
1212	40-41	-0.5267470515824968
1212	42-43	-0.5682640220187807
1212	44-45	-0.5703710723686584
1212	46-47	-0.5421654742175548
1212	48-49	-0.5510627034656395
1212	50-51	-0.5093401540845264
1212	52-53	-0.5196990588739752
1212	54-55	-0.6805638380924393
1212	56-57	-0.5045231822073077
1212	58-59	-0.6088701129781668
1212	60-61	-0.4708641364518371
1212	62-63	-0.7422268859792212
1212	64-65	-0.7154644739227933
1212	66-67	-0.7508443717953384
1212	68-69	-0.7004255944708646
1212	70-71	-0.8471998377891907
1212	72-73	-0.6239548256038177
1212	74-75	-0.856373297246698
1212	76-77	-0.9453937487839816
1212	78-79	-0.9174211355825719
1212	80-81	-0.9337257482539201
1212	82-83	-1.0067238849803317
1212	84-85	-1.1025862784313851
1212	86-87	-1.2047431823609784
1212	88-89	-1.1961062593490581
1212	90	-1.2589376519254039
1213	1	-0.5565714571448126
1213	2	-0.5053588489575915
1213	3	-0.5665557561196124
1213	4	-0.4380817344816208
1213	5	-0.47989441248802933
1213	6	-0.42950292120263356
1213	7	-0.4914000428779275
1213	8	-0.40651346486507833
1213	9	-0.4221296530570058
1213	10-11	-0.4209807406657333
1213	12-13	-0.4547248989949324
1213	14-15	-0.45674552281081304
1213	16-17	-0.413727755661327
1213	18-19	-0.4297408540915839
1213	20-21	-0.4045229377942121
1213	22-23	-0.4135834464939734
1213	24-25	-0.3909343902056648
1213	26-27	-0.34574690262857644
1213	28-29	-0.36201332491027216
1213	30-31	-0.37571591600189436
1213	32-33	-0.4124271444876584
1213	34-35	-0.5002998416351687
1213	36-37	-0.3369984626629332
1213	38-39	-0.42244094186678893
1213	40-41	-0.44123669866369397
1213	42-43	-0.40090525823867296
1213	44-45	-0.4146923457935259
1213	46-47	-0.5177194795657769
1213	48-49	-0.45348863702515274
1213	50-51	-0.43337710539039875
1213	52-53	-0.48159756961796774
1213	54-55	-0.6252083297477498
1213	56-57	-0.5446519198805149
1213	58-59	-0.5186066129623157
1213	60-61	-0.4174766867895414
1213	62-63	-0.3792513334536167
1213	64-65	-0.36513163736044874
1213	66-67	-0.3764673966021803
1213	68-69	-0.48913472977225325
1213	70-71	-0.643253573612725
1213	72-73	-0.44334686247056254
1213	74-75	-0.20688095491863834
1213	76-77	-0.46029793540076014
1213	78-79	-0.23245469404829322
1213	80-81	-0.28239154821375934
1213	82-83	-0.2884661771028121
1213	84-85	-0.3046913190714804
1213	86-87	-0.3353986029780316
1213	88-89	-0.4211473222275792
1213	90	-0.3768888415333791
1214	1	-0.5915223667253997
1214	2	-0.6097896367710831
1214	3	-0.5443450957861415
1214	4	-0.37653222375355
1214	5	-0.47091735399575185
1214	6	-0.47842276874893486
1214	7	-0.4749639338751592
1214	8	-0.43897761620884523
1214	9	-0.46400912648778814
1214	10-11	-0.42109377513103396
1214	12-13	-0.3795151527307823
1214	14-15	-0.3529570319229407
1214	16-17	-0.3339397054854487
1214	18-19	-0.43744494863246786
1214	20-21	-0.3531057222778813
1214	22-23	-0.2853438052661801
1214	24-25	-0.35848860186167997
1214	26-27	-0.44214530627179727
1214	28-29	-0.309945651135088
1214	30-31	-0.3108682064800661
1214	32-33	-0.4544824946496604
1214	34-35	-0.44235233533053986
1214	36-37	-0.4027182106409626
1214	38-39	-0.4038998209892881
1214	40-41	-0.4792309694077659
1214	42-43	-0.38381807887705577
1214	44-45	-0.337090308724747
1214	46-47	-0.40270915547922925
1214	48-49	-0.3537147059557739
1214	50-51	-0.5438940034308644
1214	52-53	-0.37440335437096195
1214	54-55	-0.27398882252904855
1214	56-57	-0.371628390756797
1214	58-59	-0.43431003827387116
1214	60-61	-0.35372157575459795
1214	62-63	-0.2363449602684966
1214	64-65	-0.14546343636312997
1214	66-67	-0.20046151228092413
1214	68-69	-0.07040691839699065
1214	70-71	-0.22381531817931233
1214	72-73	-0.26404094305556924
1214	74-75	-0.3312529403261735
1214	76-77	-0.28665230865117053
1214	78-79	-0.17345662012293417
1214	80-81	-0.15476849571189888
1214	82-83	-0.2197722352604714
1214	84-85	-0.22689422613837706
1214	86-87	-0.2808035683331731
1214	88-89	-0.04927392899006122
1214	90	0.059153238300783784
1215	1	-0.5890148989169219
1215	2	-0.6513644669418142
1215	3	-0.5805637719367311
1215	4	-0.3910451198593705
1215	5	-0.41296365050870065
1215	6	-0.5170190547328488
1215	7	-0.5310929963239772
1215	8	-0.4891004548339879
1215	9	-0.4623958458775661
1215	10-11	-0.4954672981428061
1215	12-13	-0.5510904898545661
1215	14-15	-0.5628925318956419
1215	16-17	-0.5704258968641298
1215	18-19	-0.5007230240826814
1215	20-21	-0.5275662072369798
1215	22-23	-0.4955614441128233
1215	24-25	-0.4855010105126425
1215	26-27	-0.5766259133675788
1215	28-29	-0.4883923469710538
1215	30-31	-0.37043460563150177
1215	32-33	-0.5468571407574316
1215	34-35	-0.4851489223665766
1215	36-37	-0.4865996382207669
1215	38-39	-0.556478847171455
1215	40-41	-0.4233202867369812
1215	42-43	-0.445196640222278
1215	44-45	-0.4899678522642219
1215	46-47	-0.4102221997713329
1215	48-49	-0.4789250914740819
1215	50-51	-0.5418480578854243
1215	52-53	-0.490352877445126
1215	54-55	-0.4026377146416422
1215	56-57	-0.5173789542546174
1215	58-59	-0.48201880544203135
1215	60-61	-0.6148807824120652
1215	62-63	-0.6851019503712052
1215	64-65	-0.6420038717188135
1215	66-67	-0.5336172170626554
1215	68-69	-0.6604760979909585
1215	70-71	-0.5168423738739563
1215	72-73	-0.5776481480283877
1215	74-75	-0.621302036779845
1215	76-77	-0.8573186399488932
1215	78-79	-0.9447558628130608
1215	80-81	-0.6424442719350196
1215	82-83	-0.7464808620416292
1215	84-85	-0.6638347254481403
1215	86-87	-0.5931114136266977
1215	88-89	-0.6547012514200041
1215	90	-0.5723730023693321
1216	1	-0.6604293745485776
1216	2	-0.6478934552614106
1216	3	-0.5902082728061231
1216	4	-0.47032473692981824
1216	5	-0.5366537985803461
1216	6	-0.517031114470214
1216	7	-0.5145558073829761
1216	8	-0.5420843627589917
1216	9	-0.5736184181976185
1216	10-11	-0.5181319300028804
1216	12-13	-0.46803453048053
1216	14-15	-0.5509884747807234
1216	16-17	-0.5731892212294056
1216	18-19	-0.5073328564961841
1216	20-21	-0.5307083169893545
1216	22-23	-0.5866820787619886
1216	24-25	-0.5519830535637098
1216	26-27	-0.5420139189720743
1216	28-29	-0.4754621158407062
1216	30-31	-0.6365349031781165
1216	32-33	-0.7252754733123652
1216	34-35	-0.5224047400935206
1216	36-37	-0.5507470257527487
1216	38-39	-0.674009210301115
1216	40-41	-0.6165276944854767
1216	42-43	-0.4341773292937319
1216	44-45	-0.5688725211367185
1216	46-47	-0.5597552686675087
1216	48-49	-0.5380638508121507
1216	50-51	-0.47828556761543695
1216	52-53	-0.5528941272286048
1216	54-55	-0.5101815188967578
1216	56-57	-0.7052049782907659
1216	58-59	-0.5985865822623424
1216	60-61	-0.5317859029765515
1216	62-63	-0.5130319731970019
1216	64-65	-0.4103165829012596
1216	66-67	-0.3949143404863946
1216	68-69	-0.6014053117180111
1216	70-71	-0.5971399424116299
1216	72-73	-0.7043614529884508
1216	74-75	-0.4436900621184492
1216	76-77	-0.6379350240888044
1216	78-79	-0.5444707048414656
1216	80-81	-0.39823404220798864
1216	82-83	-0.576304811802963
1216	84-85	-0.5020034652932956
1216	86-87	-0.45495067706179526
1216	88-89	-0.5005416287362969
1216	90	-0.5156834660552683
1301	1	-0.40872855074501047
1301	2	-0.3668367173734808
1301	3	-0.40307076747273385
1301	4	-0.3264146473288747
1301	5	-0.3164094238411579
1301	6	-0.2892848290881531
1301	7	-0.24549978217655166
1301	8	-0.2544376652407152
1301	9	-0.08567070651480435
1301	10-11	-0.15608151716336494
1301	12-13	-0.15015982176566212
1301	14-15	-0.00906099950186956
1301	16-17	-0.03786225514272701
1301	18-19	-0.11024852095447812
1301	20-21	-0.1598701191358387
1301	22-23	-0.3265568437411872
1301	24-25	-0.37176723297190506
1301	26-27	-0.34524231933028204
1301	28-29	-0.21906908136473646
1301	30-31	-0.06581767363371682
1301	32-33	0.06382940808711624
1301	34-35	-0.002591490781583161
1301	36-37	-0.11324380227552666
1301	38-39	-0.1243793827043973
1301	40-41	-0.1459293233378176
1301	42-43	-0.38050467516464437
1301	44-45	-0.23663751440845004
1301	46-47	-0.2537523335449734
1301	48-49	-0.29127912282674373
1301	50-51	-0.14150369973345533
1301	52-53	-0.31551257536461463
1301	54-55	-0.4138159601685132
1301	56-57	-0.40223328393736324
1301	58-59	-0.41577674163104916
1301	60-61	-0.6552825904141315
1301	62-63	-0.49044887781489876
1301	64-65	-0.3272528494816598
1301	66-67	-0.18826483444032505
1301	68-69	-0.3011143782458916
1301	70-71	-0.34262004124931167
1301	72-73	-0.5221599704233597
1301	74-75	-0.4714928462650363
1301	76-77	-0.6114696899490113
1301	78-79	-0.3965353713112094
1301	80-81	-0.8044320270072447
1301	82-83	-0.7038994179292075
1301	84-85	-0.6010849501089623
1301	86-87	-0.7004225706847009
1301	88-89	-0.9450099073760114
1301	90	-1.0910143706450306
>>END_MODULE
>>Per sequence quality scores	pass
#Quality	Count
13	6.0
14	44.0
15	131.0
16	278.0
17	424.0
18	636.0
19	843.0
20	1096.0
21	1351.0
22	1513.0
23	1616.0
24	1762.0
25	2085.0
26	2534.0
27	3128.0
28	3925.0
29	4749.0
30	5898.0
31	7743.0
32	10056.0
33	13145.0
34	18468.0
35	27883.0
36	46484.0
37	85709.0
38	128132.0
39	73713.0
40	551.0
41	0.0
42	0.0
43	0.0
44	0.0
45	0.0
46	0.0
47	0.0
48	0.0
49	209.0
>>END_MODULE
>>Per base sequence content	pass
#Base	G	A	T	C
1	21.132388436773887	27.647351803063664	25.4276937777908	25.792565982371645
2	23.81291205821955	28.275750261195377	26.790539323413913	21.120798357171164
3	22.235288286948805	26.650717056621115	28.38287174080532	22.73112291562476
4	22.58439312605829	27.558138487588717	27.14562993118853	22.71183845516446
5	23.23963324566776	27.527515581655077	27.46019022228627	21.772660950390893
6	23.3609990272724	27.235697301581585	26.67502792088482	22.728275750261197
7	23.213513708253775	27.78668443996109	26.9774291169795	22.022372734805636
8	22.236733076341103	27.493965486183665	27.705848975033327	22.56345246244191
9	22.553094714846704	26.925415210577512	27.917957632308966	22.603532442266815
10-11	23.003994487876934	27.36595723601254	26.92102442627085	22.709023849839678
12-13	22.881052527290414	27.730054580826458	26.564470223727348	22.82442266815578
14-15	23.032590877976727	27.70922650142306	26.658590625788094	22.59959199481212
16-17	23.131552401196096	27.693014374752316	26.581920776741004	22.593512447310587
18-19	23.003318982598984	27.665768995208417	26.56064236048564	22.77026966170696
20-21	23.24672605108621	27.692564037900347	26.310930576070902	22.749779334942538
22-23	23.242110098353567	27.686259321972834	26.252274201102427	22.81935637857117
24-25	23.139320711892495	27.642689231545198	26.400997946463956	22.81699211009835
26-27	23.284554346651294	27.6698220268761	26.226942753179376	22.818680873293225
28-29	23.301779731238966	27.758763555139243	26.08418597110639	22.8552707425154
30-31	23.306620852397593	27.806499261447566	26.03498667002918	22.851893216125664
32-33	23.193361134128327	27.793889829592533	26.02294015923911	22.989808877040026
34-35	23.178049681161507	27.893752026515834	26.078894513095797	22.84930377922686
36-37	23.067491984004036	27.972448391396764	26.066960586518718	22.893099038080482
38-39	23.173095975789888	27.88846056850524	26.030258133083546	22.90818532262132
40-41	23.21846741362539	27.870672262852615	26.048834528227115	22.86202579529488
42-43	23.10543286378211	27.966031091256262	26.052437223042833	22.876098821918795
44-45	23.076611305256332	27.960627049032677	26.14599470403862	22.81676694167237
46-47	23.159473286017942	28.062178009150845	26.091729113376804	22.686619591454406
48-49	23.15806183589238	28.0464793711482	26.15517291848209	22.640285874477325
50-51	23.158055915838016	28.06566598212999	26.164613056636405	22.61166504539559
52-53	23.108074332768158	28.203422117443612	26.179265994312235	22.509237555476
54-55	23.083617514970904	28.18380068969166	26.28011208896865	22.45246970636878
56-57	23.066054357970913	28.126270092082734	26.25793297403918	22.549742575907175
58-59	23.001955682456614	28.29209361605348	26.280341506967613	22.425609194522288
60-61	22.9701142178414	28.32872671594152	26.235427233271224	22.465731832945853
62-63	23.069856252476853	28.197166480527436	26.294155528335196	22.43882173866052
64-65	23.02865043052203	28.338347083618547	26.263870375040533	22.369132110818892
66-67	23.017954930287857	28.29106171416219	26.30766563389415	22.3833177216558
68-69	23.002305724682063	28.331817199265053	26.263420038188567	22.402457037864323
70-71	23.122320495730804	28.441811975357567	26.294831033613143	22.141036495298483
72-73	23.014239651259143	28.390135821594555	26.3200498973232	22.275574629823108
74-75	23.086293547573586	28.392837842706342	26.325003602694814	22.195865007025255
76-77	22.988120113845156	28.53458136686241	26.314420686673635	22.1628778326188
78-79	23.061195769042406	28.588235956384434	26.20345299280017	22.147115281772994
80-81	23.167061658063172	28.391756407586087	26.30045991634814	22.140722018002602
82-83	23.019418525056743	28.499229923983137	26.3771300933098	22.104221457650322
84-85	23.00867419090426	28.392099550527387	26.37690395337735	22.222322305191003
86-87	22.99914653671806	28.446899496253998	26.39014306206412	22.163810904963825
88-89	23.16151303345283	28.382099944155215	26.316968708904543	22.139418313487415
90	23.104272873020733	28.363401365445934	26.36499558661935	22.167330174913985
>>END_MODULE
>>Per sequence GC content	pass
#GC Content	Count
0	0.0
1	0.5
2	3.5
3	5.5
4	3.5
5	3.5
6	7.5
7	12.0
8	16.0
9	24.5
10	31.0
11	39.0
12	49.5
13	64.5
14	101.5
15	150.0
16	202.5
17	292.5
18	412.0
19	619.0
20	768.0
21	886.0
22	1212.5
23	1662.0
24	2250.5
25	2938.5
26	3730.0
27	4644.5
28	5536.5
29	6437.0
30	6909.0
31	7430.5
32	8764.0
33	10332.5
34	11702.5
35	12938.0
36	14112.0
37	15087.0
38	15666.5
39	15793.0
40	15763.0
41	15845.0
42	16027.0
43	15973.5
44	15947.0
45	16000.5
46	15965.0
47	15825.5
48	15596.5
49	15256.5
50	14968.0
51	14741.0
52	14295.0
53	13889.5
54	13454.5
55	13117.5
56	12916.5
57	12469.5
58	11677.0
59	10444.0
60	9669.0
61	9143.0
62	7813.0
63	6202.0
64	4775.0
65	3668.0
66	2793.5
67	2057.5
68	1463.5
69	1064.0
70	910.0
71	786.0
72	562.5
73	391.0
74	260.5
75	174.5
76	120.0
77	85.0
78	61.0
79	37.5
80	30.0
81	25.5
82	19.5
83	15.5
84	11.5
85	6.5
86	2.0
87	1.0
88	1.0
89	0.5
90	0.0
91	0.0
92	0.0
93	0.0
94	0.0
95	0.0
96	0.0
97	0.0
98	0.0
99	0.0
100	0.0
>>END_MODULE
>>Per base N content	pass
#Base	N-Count
1	0.08894152826314082
2	0.0
3	0.048186043160283895
4	0.0
5	0.0
6	0.0
7	0.0
8	0.0
9	0.0
10-11	0.0
12-13	0.0
14-15	0.0
16-17	0.0
18-19	0.0
20-21	0.0
22-23	0.0
24-25	0.0
26-27	0.0
28-29	0.0
30-31	0.0
32-33	0.0
34-35	0.0
36-37	0.0
38-39	0.0
40-41	0.0
42-43	0.0
44-45	0.0
46-47	0.0
48-49	2.2516842598263503E-4
50-51	0.0036026948157221604
52-53	2.2516842598263503E-4
54-55	1.1258421299131751E-4
56-57	1.1258421299131751E-4
58-59	0.004841121158626653
60-61	0.0010132579169218577
62-63	0.0
64-65	0.0
66-67	0.0
68-69	0.0
70-71	0.0
72-73	0.0
74-75	0.0
76-77	0.0
78-79	0.0010132579169218577
80-81	0.0021391000468350325
82-83	0.0
84-85	0.008106063335374862
86-87	0.008781568613322766
88-89	0.00540404222358324
90	0.0015761825309438405
>>END_MODULE
>>Sequence Length Distribution	warn
#Length	Count
89	1.0
90	444111.0
>>END_MODULE
>>Sequence Duplication Levels	pass
#Total Deduplicated Percentage	95.09628007062128
#Duplication Level	Percentage of deduplicated	Percentage of total
1	95.83735148106912	91.1377561767032
2	3.5731799945998235	6.795922510184116
3	0.422281398571863	1.204721704416106
4	0.09134279184044279	0.3474543886116483
5	0.03259483971008702	0.15498240029637217
6	0.013806080081187628	0.07877441148468266
7	0.004808362052062624	0.032008014106872616
8	0.0059577751963940835	0.04532498069392739
9	0.00576834379392164	0.04936932332733621
>10	0.012908933085057557	0.15368609017573334
>50	0.0	0.0
>100	0.0	0.0
>500	0.0	0.0
>1k	0.0	0.0
>5k	0.0	0.0
>10k+	0.0	0.0
>>END_MODULE
>>Overrepresented sequences	pass
>>END_MODULE
>>Adapter Content	pass
#Position	Illumina Universal Adapter	Illumina Small RNA 3' Adapter	Illumina Small RNA 5' Adapter	Nextera Transposase Sequence	SOLID Small RNA Adapter
1	0.0	0.0	0.0	0.0	0.0
2	0.0	0.0	0.0	2.25168425982635E-4	0.0
3	0.0	0.0	0.0	2.25168425982635E-4	0.0
4	0.0	0.0	0.0	2.25168425982635E-4	0.0
5	0.0	0.0	0.0	2.25168425982635E-4	0.0
6	0.0	0.0	0.0	2.25168425982635E-4	0.0
7	0.0	2.25168425982635E-4	0.0	2.25168425982635E-4	0.0
8	0.0	2.25168425982635E-4	0.0	2.25168425982635E-4	0.0
9	0.0	6.75505277947905E-4	0.0	2.25168425982635E-4	0.0
10-11	0.0	6.75505277947905E-4	0.0	2.25168425982635E-4	0.0
12-13	0.0	6.75505277947905E-4	0.0	2.25168425982635E-4	0.0
14-15	0.0	6.75505277947905E-4	0.0	2.25168425982635E-4	0.0
16-17	0.0	6.75505277947905E-4	0.0	2.25168425982635E-4	0.0
18-19	0.0	6.75505277947905E-4	0.0	2.25168425982635E-4	0.0
20-21	0.0	6.75505277947905E-4	0.0	2.25168425982635E-4	0.0
22-23	0.0	9.0067370393054E-4	0.0	2.25168425982635E-4	0.0
24-25	0.0	9.0067370393054E-4	0.0	2.25168425982635E-4	0.0
26-27	0.0	9.0067370393054E-4	0.0	2.25168425982635E-4	0.0
28-29	0.0	9.0067370393054E-4	0.0	2.25168425982635E-4	0.0
30-31	0.0	9.0067370393054E-4	0.0	2.25168425982635E-4	0.0
32-33	0.0	9.0067370393054E-4	0.0	2.25168425982635E-4	0.0
34-35	0.0	9.0067370393054E-4	0.0	2.25168425982635E-4	0.0
36-37	0.0	9.0067370393054E-4	0.0	2.25168425982635E-4	0.0
38-39	0.0	9.0067370393054E-4	0.0	2.25168425982635E-4	0.0
40-41	0.0	9.0067370393054E-4	0.0	2.25168425982635E-4	0.0
42-43	0.0	9.0067370393054E-4	0.0	5.629210649565875E-4	0.0
44-45	0.0	9.0067370393054E-4	0.0	6.75505277947905E-4	0.0
46-47	0.0	9.0067370393054E-4	0.0	6.75505277947905E-4	0.0
48-49	0.0	9.0067370393054E-4	0.0	6.75505277947905E-4	0.0
50-51	0.0	9.0067370393054E-4	0.0	9.0067370393054E-4	0.0
52-53	0.0	9.0067370393054E-4	0.0	9.0067370393054E-4	0.0
54-55	0.0	9.0067370393054E-4	0.0	9.0067370393054E-4	0.0
56-57	0.0	9.0067370393054E-4	0.0	0.0010132579169218575	1.125842129913175E-4
58-59	0.0	9.0067370393054E-4	0.0	0.001125842129913175	2.25168425982635E-4
60-61	0.0	9.0067370393054E-4	0.0	0.001125842129913175	2.25168425982635E-4
62-63	0.0	9.0067370393054E-4	0.0	0.001125842129913175	2.25168425982635E-4
64-65	0.0	9.0067370393054E-4	0.0	0.001125842129913175	2.25168425982635E-4
66-67	0.0	0.001125842129913175	0.0	0.001125842129913175	2.25168425982635E-4
68-69	0.0	0.001125842129913175	0.0	0.001125842129913175	2.25168425982635E-4
70-71	0.0	0.001125842129913175	0.0	0.001125842129913175	2.25168425982635E-4
72-73	0.0	0.001125842129913175	0.0	0.001125842129913175	2.25168425982635E-4
74-75	0.0	0.001125842129913175	0.0	0.001125842129913175	2.25168425982635E-4
76-77	0.0	0.001125842129913175	0.0	0.001125842129913175	2.25168425982635E-4
78-79	0.0	0.0012384263429044925	0.0	0.001125842129913175	2.25168425982635E-4
>>END_MODULE
